TIME MEM VIRT RES SHR CPU FREE SWAP
0:00.11 0.7 222744 3356 2904 43.8 123.3 820.0
0:00.97 1.0 224280 4892 2904 44.4 120.3 820.0
0:01.80 1.3 225688 6300 2904 44.4 117.3 820.0
0:02.62 1.6 227096 7708 2904 47.1 115.2 820.0
0:03.45 1.9 228504 9116 2904 52.9 111.5 820.0
0:04.27 2.1 229784 10392 2904 45.0 109.0 820.0
0:05.10 2.4 231064 11676 2904 41.2 107.3 820.0
0:05.95 2.7 232472 13084 2904 52.9 104.3 820.0
0:06.77 3.0 233880 14492 2904 52.9 101.8 820.0
0:07.59 3.3 235288 15900 2904 50.0 97.5 820.0
0:08.43 3.6 236824 17432 2904 50.0 95.1 820.0
0:09.25 3.9 238360 18972 2904 44.4 91.7 820.0
0:10.07 4.2 239768 20248 2904 44.4 89.9 820.0
0:10.88 4.5 241176 21788 2904 41.2 87.1 820.0
0:11.70 4.7 242456 23064 2904 41.2 84.7 820.0
0:12.59 5.0 243608 24220 2904 50.0 82.1 820.0
0:13.42 5.3 245016 25628 2904 47.1 80.1 820.0
0:14.25 5.6 246424 27036 2904 47.1 76.9 820.0
0:15.04 5.8 247704 28316 2904 41.2 74.3 820.0
0:15.86 6.1 249112 29724 2904 47.1 71.7 820.0
0:16.67 6.4 250392 31004 2904 50.0 69.1 820.0
0:17.47 6.7 251800 32412 2904 40.0 66.3 820.0
0:18.29 7.0 253208 33820 2904 47.1 63.6 820.0
0:19.09 7.2 254616 35228 2904 41.2 60.9 820.0
0:19.91 7.5 256024 36636 2904 44.4 58.2 820.0
0:20.71 7.8 257304 37916 2904 44.4 55.5 820.0
0:21.52 8.1 258712 39324 2904 41.2 53.0 820.0
0:22.31 8.4 259992 40604 2904 44.4 50.1 820.0
0:23.11 8.6 261272 41884 2904 47.1 47.7 820.0
0:23.91 8.9 262552 43164 2904 47.1 45.1 820.0
0:24.76 9.2 263960 44572 2904 52.9 43.8 820.0
0:25.59 9.5 265368 45980 2904 41.2 39.6 820.0
0:26.40 9.7 266648 47260 2904 41.2 37.1 820.0
0:27.20 10.0 267928 48540 2904 41.2 34.6 820.0
0:28.01 10.2 269208 49816 2904 41.2 32.0 820.0
0:28.83 10.5 270616 51224 2904 38.9 29.3 820.0
0:29.67 10.8 272024 52632 2904 47.4 26.6 820.0
0:30.51 11.1 273432 54040 2904 52.9 23.7 820.0
0:31.33 11.4 274840 55448 2904 38.9 21.5 820.0
0:32.17 11.7 276248 56856 2904 44.4 19.6 820.0
0:32.98 11.9 277400 58012 2904 52.9 17.6 820.0
0:33.79 12.2 278552 59164 2904 41.2 13.7 820.0
0:34.61 12.4 279704 60316 2904 35.3 11.2 820.0
0:35.45 12.7 281112 61724 2904 44.4 8.6 820.0
0:36.25 13.0 282520 63132 2904 38.9 5.8 820.0
0:37.08 13.3 283928 64540 2904 38.9 6.4 819.7
0:37.88 13.6 285336 65948 2904 38.9 5.0 819.7
0:38.81 13.8 286872 67024 2572 53.3 5.7 819.7
0:39.68 14.1 288408 68688 2572 38.9 9.1 819.2
0:40.51 14.4 289816 70096 2572 42.1 6.9 819.2
0:41.35 14.7 291224 71504 2572 47.1 8.4 819.0
0:42.17 15.0 292632 72912 2572 41.2 7.3 819.0
0:43.00 15.3 294040 74320 2572 44.4 8.2 818.7
0:43.83 15.6 295448 75728 2572 38.9 5.9 818.7
0:44.68 15.9 296856 77136 2572 45.0 8.9 818.2
0:45.50 16.2 298264 78544 2572 43.8 6.2 818.2
0:46.30 16.4 299672 79952 2572 43.8 9.3 817.5
0:47.19 16.7 301080 81360 2572 44.4 5.9 817.2
0:48.02 17.0 302488 82768 2572 50.0 10.1 817.2
0:48.82 17.3 303768 84048 2572 43.8 7.4 817.2
0:49.64 17.6 305176 85456 2572 50.0 6.0 816.7
0:50.43 17.9 306584 86864 2572 47.1 5.6 816.2
0:51.25 18.2 307992 88272 2572 47.1 5.3 816.2
0:52.07 18.4 309272 89552 2572 50.0 5.6 816.2
0:52.89 18.7 310680 90960 2572 55.6 5.2 816.2
0:53.69 19.0 312088 92368 2572 53.3 5.7 816.0
0:54.49 19.3 313368 93648 2572 47.1 6.7 816.0
0:55.32 19.6 314776 95056 2572 47.1 11.0 815.5
0:56.13 19.8 316056 96336 2572 44.4 8.6 815.5
0:56.95 20.1 317336 97616 2572 41.2 6.2 815.5
0:57.79 20.3 318616 98896 2572 52.9 8.9 815.2
0:58.60 20.6 320024 100304 2572 47.1 6.2 814.7
0:59.41 20.9 321304 101580 2572 47.1 9.6 814.7
1:00.24 21.2 322712 102988 2572 41.2 7.0 814.7
1:01.05 21.4 323992 104272 2572 44.4 11.1 814.0
1:01.89 21.7 325272 105552 2572 44.4 9.2 814.0
1:02.71 21.9 326296 106576 2572 44.4 7.0 814.0
1:03.55 22.2 327576 107856 2572 50.0 11.0 813.2
1:04.37 22.4 328856 109136 2572 50.0 7.9 813.2
1:05.17 22.7 330136 110416 2572 50.0 10.9 812.7
1:05.99 23.0 331544 111596 2572 44.4 7.9 812.7
1:06.80 23.2 332824 112876 2572 47.1 5.4 812.5
1:07.65 23.5 334232 114284 2572 47.1 9.9 812.5
1:08.46 23.8 335512 115564 2572 50.0 7.0 812.5
1:09.27 24.1 336920 116972 2572 50.0 13.2 810.7
1:10.15 24.2 338456 117656 2568 47.1 11.8 810.7
1:10.99 24.5 339992 119192 2568 52.9 9.4 810.7
1:11.81 24.8 341400 120600 2568 44.4 5.5 810.7
1:12.63 25.0 342808 121680 2568 47.1 5.6 810.0
1:13.50 25.3 344344 123216 2568 47.4 12.4 809.5
1:14.42 25.6 346008 124664 2400 44.4 10.7 807.5
1:15.23 25.7 347416 125156 2400 43.8 7.8 807.5
1:16.05 26.0 348824 126564 2400 58.8 4.9 807.2
1:16.87 26.3 350232 127972 2400 50.0 8.8 807.2
1:17.69 26.6 351768 129508 2400 50.0 5.9 806.2
1:18.57 26.9 353176 130652 2400 47.1 11.0 806.2
1:19.38 27.2 354584 132060 2400 52.9 7.8 806.2
1:20.16 27.4 355736 133212 2400 44.4 6.1 806.2
1:20.97 27.5 356888 133900 2400 50.0 9.6 805.2
1:21.78 27.9 358424 135436 2400 56.2 9.8 804.7
1:22.62 28.1 359832 136844 2400 52.9 8.1 804.5
1:23.44 28.4 361112 138124 2400 47.1 5.8 799.5
1:24.39 28.3 362776 137540 2400 58.8 7.0 799.5
1:25.20 28.6 364184 138948 2400 47.1 8.5 798.5
1:26.07 28.9 365592 140356 2400 50.0 5.2 793.5
1:26.90 28.8 367000 139956 2400 44.4 6.7 793.5
1:27.71 29.1 368408 141364 2400 38.9 6.1 788.2
1:28.58 29.1 369944 141328 2400 41.2 6.8 786.5
1:29.43 29.2 371352 141976 2400 44.4 7.9 784.7
1:30.26 29.3 372888 142424 2400 50.0 7.7 782.7
1:31.08 29.6 374168 143832 2400 52.9 6.8 779.5
1:32.01 29.7 375576 144600 2400 47.1 6.4 778.2
1:32.83 29.9 376856 145448 2400 46.7 7.5 776.5
1:33.66 30.1 378264 146188 2400 44.4 7.9 774.0
1:34.47 30.1 379672 146580 2400 47.1 7.7 772.0
1:35.29 30.2 381080 147028 2400 44.4 7.7 765.0
1:36.14 30.1 382616 146140 2400 41.2 6.8 763.0
1:36.96 30.3 384024 147520 2400 43.8 5.3 759.7
1:37.77 30.5 385432 148252 2400 50.0 7.5 758.0
1:38.61 30.7 386968 149128 2400 56.2 7.9 755.0
1:39.42 30.7 388376 149412 2400 50.0 6.6 753.0
1:40.24 31.0 389912 150512 2400 56.2 6.8 751.7
1:41.16 31.1 391448 151028 2400 44.4 5.4 746.7
1:42.03 31.2 392984 151532 2400 50.0 9.1 744.2
1:42.84 31.5 394520 153064 2400 52.9 6.3 744.2
1:43.62 31.5 395800 152944 2400 50.0 7.0 740.2
1:44.43 31.4 397080 152652 2400 45.0 5.7 734.5
1:45.28 31.4 398616 152472 2400 43.8 5.9 732.0
1:46.08 31.4 399896 152616 2400 44.4 7.2 728.7
1:46.88 31.6 401048 153608 2400 42.1 8.3 727.5
1:47.69 31.8 402328 154584 2400 36.8 9.0 726.0
1:48.50 32.1 403736 155992 2400 38.9 6.6 726.0
1:49.30 32.2 404888 156664 2400 41.2 7.3 724.0
1:50.16 32.2 406040 156552 2400 42.1 8.9 720.5
1:50.99 32.5 407320 157832 2400 44.4 6.3 720.5
1:51.77 32.6 408472 158668 2400 43.8 6.2 718.5
1:52.60 32.7 409624 158944 2400 44.4 6.2 716.0
1:53.45 32.7 411032 158848 2400 41.2 7.3 709.0
1:54.25 33.0 412440 160256 2400 23.8 7.6 708.2
1:55.08 33.1 413592 160748 2400 41.2 8.2 706.7
1:55.92 33.2 415000 161456 2400 50.0 6.4 705.0
1:56.72 33.2 416408 161560 2400 38.9 6.8 701.5
1:57.50 33.5 417688 162668 2400 21.1 10.0 697.7
1:58.36 33.4 418968 162508 2400 38.9 5.8 695.5
1:59.19 33.4 420504 162580 2400 47.1 5.8 691.7
1:59.99 33.5 421784 162648 2400 38.9 6.4 691.7
2:00.80 33.5 423064 162700 2400 36.8 6.9 689.0
2:01.60 33.4 424216 162612 2400 38.9 9.4 682.5
2:02.66 33.5 426008 162648 2400 43.8 6.0 682.5
2:03.49 33.2 427416 161376 2400 50.0 7.8 673.2
2:04.74 33.2 429592 161356 2400 46.7 6.3 669.7
2:05.57 33.2 430872 161192 2400 31.2 7.3 666.7
2:06.42 33.3 432152 161728 2400 41.2 8.2 663.0
2:07.24 33.4 433560 162256 2400 38.9 7.6 661.5
2:08.03 33.4 434968 162468 2400 41.2 8.9 659.0
2:08.87 33.6 436504 163372 2400 50.0 8.5 657.5
2:09.69 33.8 437912 164176 2400 41.2 7.1 655.2
2:10.56 33.7 439192 163820 2400 41.2 5.7 650.5
2:11.66 33.9 440984 164676 2400 46.7 5.1 650.0
2:12.49 34.1 442392 165704 2400 47.1 4.8 647.7
2:13.30 34.1 443544 165696 2400 47.1 5.5 645.7
2:14.09 34.0 444696 165484 2400 41.2 4.4 643.7
2:14.89 34.1 446104 165712 2400 41.2 4.8 641.2
2:15.70 34.1 447384 165988 2400 38.9 6.6 639.2
2:16.53 34.2 448664 166464 2400 41.2 7.3 634.5
2:17.67 34.2 450584 166240 2400 38.9 4.5 630.5
2:18.56 34.0 452120 165428 2400 47.1 8.9 623.7
2:19.37 34.1 453528 165552 2400 44.4 6.2 623.7
2:20.17 33.9 454936 164980 2400 38.9 8.8 619.0
2:21.17 34.3 456600 166644 2400 41.2 6.0 619.0
2:21.97 34.4 458008 167140 2400 42.1 5.4 617.2
2:22.78 34.4 459288 167108 2400 36.8 5.7 609.2
2:23.76 34.0 460952 165380 2400 35.0 6.1 607.0
2:24.37 34.3 461976 166532 2400 35.3 5.6 606.2
2:24.98 34.2 463000 166188 2400 27.3 6.7 604.2
2:25.59 34.4 464152 167468 2400 26.3 6.9 602.5
2:26.23 34.5 465176 167856 2400 33.3 4.9 602.5
2:26.94 34.5 466456 167948 2400 39.1 6.2 600.0
2:27.77 34.8 467864 169356 2400 42.1 5.0 599.5
2:28.72 34.9 469400 169444 2400 47.4 9.6 593.0
2:29.59 34.5 470808 167672 2400 40.0 5.7 589.2
2:30.39 34.7 472088 168832 2400 29.4 7.2 585.7
2:31.21 34.7 473624 168844 2400 36.8 8.4 582.7
2:32.02 34.7 475032 168708 2400 36.8 5.7 582.7
2:32.83 34.7 476312 168540 2400 36.8 6.5 579.5
2:33.89 34.7 478232 168768 2400 46.7 7.0 574.7
2:34.52 34.7 479256 168716 2400 44.4 6.4 572.7
2:35.92 34.5 481688 167920 2400 45.3 6.8 552.2
2:38.01 33.9 485272 165048 2400 52.9 8.3 549.9
2:38.82 34.0 486680 165312 2400 52.9 6.0 546.7
2:39.63 33.9 488088 164900 2400 38.9 6.5 545.9
2:40.50 33.5 489624 162856 2400 40.0 7.4 531.1
2:42.26 32.3 492824 157156 2400 38.9 7.1 520.6
2:43.07 32.2 494232 156508 2400 50.0 5.6 518.8
2:43.90 32.4 495640 157544 2400 55.6 4.9 516.3
2:44.70 32.5 496920 157984 2400 43.8 5.3 515.5
2:45.53 32.5 498328 158120 2400 47.1 5.2 513.0
2:46.39 32.7 499864 159020 2400 44.4 8.2 510.0
2:47.21 32.7 501272 159104 2400 50.0 5.1 507.0
2:48.06 32.7 502808 159136 2400 47.1 5.3 503.7
2:49.33 32.4 504984 157768 2400 47.4 10.1 497.5
2:50.15 32.5 506392 158076 2400 50.0 6.6 497.5
2:50.99 32.5 507672 158224 2400 43.8 7.6 495.5
2:51.80 32.5 508952 158076 2400 41.2 8.8 490.5
2:52.65 32.6 510360 158508 2400 53.3 9.0 490.2
2:53.49 32.9 511768 159776 2400 47.1 7.7 488.7
2:54.32 33.0 513304 160640 2400 40.0 8.9 486.2
2:55.17 32.9 514712 159828 2400 41.2 6.6 484.2
2:56.02 32.9 516120 160036 2400 50.0 5.7 482.0
2:56.95 32.8 517400 159312 2400 38.9 6.8 475.2
2:57.92 32.7 518680 159228 2400 44.4 8.9 474.2
2:58.79 32.9 519832 159876 2400 43.8 6.4 472.2
2:59.59 32.4 521240 157428 2400 47.1 8.4 466.5
3:00.40 32.7 522648 158836 2400 38.9 8.7 464.5
3:01.22 32.7 524056 159164 2400 43.8 5.4 464.5
3:02.05 32.7 525464 158768 2400 43.8 8.3 458.5
3:03.07 32.1 527256 155912 2400 52.9 8.5 449.7
3:03.88 31.9 528664 154860 2400 41.2 6.0 443.7
3:04.70 31.7 530072 154052 2400 33.3 5.4 438.5
3:05.55 31.4 531480 152500 2400 43.8 5.4 435.0
3:06.39 31.2 532888 151788 2400 44.4 6.9 432.2
3:07.22 31.3 534296 152060 2400 47.1 6.9 430.0
3:08.05 31.2 535704 151780 2400 47.1 7.7 421.2
3:09.04 30.7 537368 149136 2400 50.0 6.3 416.5
3:09.87 30.8 538776 149576 2400 50.0 8.6 414.5
3:10.70 30.8 540312 149812 2400 38.9 5.7 413.7
3:11.56 30.9 541720 150268 2400 50.0 7.0 412.0
3:12.39 31.1 543256 151120 2400 43.8 6.2 410.5
3:13.28 31.2 544792 151664 2400 47.1 8.3 408.5
3:14.12 31.4 546200 152568 2400 37.5 5.0 404.5
3:14.94 31.3 547480 152324 2400 43.8 5.6 400.5
3:15.83 31.1 549144 151176 2400 52.9 5.2 397.0
3:16.66 31.0 550552 150532 2400 47.1 6.2 395.0
3:17.49 31.3 551960 151940 2400 47.1 6.4 393.5
3:18.33 31.4 553368 152568 2400 55.6 6.2 393.2
3:19.15 31.4 554776 152816 2400 44.4 8.5 391.0
3:19.99 31.7 556184 154224 2400 47.1 7.1 390.0
3:20.82 31.8 557464 154596 2400 47.1 6.5 389.2
3:21.66 32.1 558872 156004 2400 47.1 8.3 387.2
3:22.50 32.2 560408 156600 2400 50.0 5.0 384.7
3:23.36 32.2 561688 156540 2400 46.7 6.5 384.7
3:24.16 32.4 563096 157532 2400 43.8 8.3 379.7
3:25.07 32.2 564376 156692 2400 44.4 7.6 377.0
3:26.28 31.9 566296 155032 2400 41.2 7.9 371.7
3:27.16 31.9 567448 155156 2400 41.2 8.5 366.2
3:28.29 31.8 569368 154576 2400 44.4 7.1 365.5
3:29.27 31.9 571032 155312 2400 46.9 10.1 362.2
3:30.10 31.9 572440 155068 2400 50.0 6.8 360.5
3:30.93 32.1 573976 155960 2400 46.7 9.6 358.5
3:31.76 32.3 575384 157056 2400 50.0 8.9 354.5
3:32.95 32.1 577432 155856 2400 33.3 6.4 351.2
3:33.81 32.3 578968 157000 2400 52.9 9.9 346.0
3:34.68 32.1 580504 155916 2400 50.0 7.0 346.0
3:35.48 32.2 582040 156676 2400 35.3 7.6 344.5
3:36.30 32.4 583448 157564 2400 43.8 7.3 341.7
3:37.13 32.3 584728 157212 2400 42.1 7.8 338.0
3:38.02 32.3 586264 157108 2400 43.8 9.0 332.2
3:39.02 31.9 588056 154912 2400 50.0 4.9 324.5
3:39.88 31.4 589464 152628 2400 43.8 5.9 318.0
3:40.72 31.2 591000 151736 2400 44.4 5.8 315.0
3:41.67 31.1 592408 151020 2400 35.3 4.4 312.7
3:42.52 31.1 593560 151064 2400 33.3 4.9 300.7
3:43.47 30.3 594840 147188 2400 46.7 5.3 298.2
3:44.26 29.8 596120 145000 2400 41.2 5.6 293.9
3:45.11 30.0 597400 146024 2400 50.0 8.3 291.7
3:45.91 30.1 598680 146300 2400 38.9 5.0 290.4
3:46.79 30.1 599960 146400 2400 45.8 5.8 288.1
3:47.61 30.2 601240 147028 2400 47.1 5.2 286.6
3:48.43 30.2 602392 146592 2400 41.2 5.8 284.9
3:49.20 29.9 603544 145192 2400 38.9 6.6 278.9
3:50.04 29.8 604824 145036 2400 50.0 6.2 274.3
3:51.01 29.0 606232 141076 2400 38.9 5.9 264.6
3:51.77 28.4 607512 137896 2400 33.3 9.3 256.8
3:52.76 26.8 608792 130132 2400 35.0 5.1 222.7
3:53.52 24.7 609816 120136 2400 28.6 8.6 216.5
3:54.22 24.3 610584 118348 2400 29.4 9.3 210.5
3:54.76 23.6 611352 114528 2400 13.3 7.4 199.5
3:55.31 22.2 612248 107808 2400 18.8 7.1 187.7
3:55.84 21.2 613016 103056 2400 15.0 4.3 168.0
3:56.93 20.0 614680 97008 2372 35.0 7.8 155.7
3:57.80 18.9 616088 91936 2368 38.1 5.9 144.7
3:59.02 18.0 618008 87376 2368 46.7 8.8 129.7
3:59.64 17.4 618904 84504 2352 27.8 8.2 122.7
4:00.36 16.8 620056 81768 2352 22.2 6.1 112.5
4:00.88 16.3 620952 79204 2352 33.3 7.8 105.0
4:01.54 16.0 621976 77808 2352 36.8 8.3 102.5
4:02.29 15.9 623256 77292 2352 44.4 6.8 99.0
4:03.06 15.9 624536 77168 2352 43.8 6.4 94.2
4:03.70 15.7 625432 76328 2352 26.3 6.9 90.7
4:04.40 15.6 626456 76008 2352 40.9 8.0 88.0
4:05.14 15.7 627608 76300 2352 33.3 5.8 84.2
4:06.19 15.7 629144 76408 2352 43.8 5.8 81.7
4:06.89 15.5 630296 75476 2352 44.4 6.3 75.7
4:07.86 15.1 631960 73396 2336 20.0 13.2 57.2
4:09.17 15.5 634008 75188 2336 45.0 11.9 57.2
4:10.01 15.6 635288 76020 2336 47.1 8.0 54.7
4:10.82 15.8 636440 76616 2336 41.2 7.6 53.7
4:11.55 15.8 637592 76736 2336 41.2 6.3 52.0
4:12.37 15.9 638872 77400 2336 38.9 6.5 48.7
4:13.10 16.0 639896 77892 2336 41.2 6.5 47.4
4:13.91 16.2 641176 78952 2336 43.8 6.5 47.2
4:14.80 16.6 642584 80488 2336 33.3 11.4 42.9
4:15.66 16.5 643608 80448 2336 35.3 6.4 42.9
4:16.49 16.8 644888 81728 2336 50.0 5.5 42.9
4:17.29 17.0 646296 82740 2336 36.8 5.5 42.9
4:18.08 17.0 647704 82804 2336 43.8 8.9 39.9
4:18.86 17.3 648984 84084 2336 43.8 7.3 39.9
4:19.61 17.5 650136 85236 2336 35.3 5.6 39.4
4:20.43 17.6 651416 85664 2336 43.8 6.9 33.1
4:21.66 17.5 652952 84908 2336 48.1 8.0 28.1
4:22.45 17.6 654104 85348 2336 38.9 7.9 27.1
4:23.21 17.4 655256 84600 2336 42.1 9.6 23.8
4:23.99 17.6 656280 85624 2336 43.8 7.9 23.8
4:24.77 17.8 657304 86384 2336 50.0 5.9 22.6
4:25.63 18.0 658328 87408 2336 53.3 5.7 22.3
4:26.41 18.1 659480 88172 2336 33.3 7.3 21.1
4:27.19 18.3 660504 89116 2336 37.5 7.1 20.6
4:28.01 18.6 661784 90396 2336 37.5 5.7 20.8
4:28.81 18.7 662808 90716 2336 27.8 10.2 21.0
4:30.01 18.6 664600 90232 2336 35.0 7.6 19.6
4:30.84 18.8 666008 91640 2336 50.0 11.2 18.1
4:31.66 19.0 667416 92268 2336 43.8 7.9 18.1
4:32.48 19.1 668824 93044 2336 47.1 7.1 16.8
4:33.27 19.4 670104 94156 2336 41.2 9.3 15.2
4:34.28 18.9 671768 91912 2336 45.0 5.3 3.8
4:35.80 18.6 674200 90224 2048 64.0 7.9 0.0
4:48.49 22.0 693400 107136 1848 11.4 24.5 359.9
4:51.27 22.8 697112 110848 1848 94.1 13.3 360.2
4:52.74 23.2 699288 113024 1848 88.9 11.4 360.2
4:54.23 23.7 701592 115328 1848 87.5 8.5 360.3
4:55.74 24.2 704024 117760 1848 88.2 6.4 360.3
4:57.22 24.7 706200 119936 1848 88.2 5.6 360.3
4:58.67 25.0 707992 121608 1848 76.5 5.6 360.1
5:00.23 25.3 710168 123204 1848 81.0 5.8 359.3
5:01.81 25.8 712728 125320 1848 87.5 6.0 358.9
5:03.37 26.2 715032 127236 1848 82.4 5.9 358.6
5:04.81 26.4 717464 128268 1848 70.6 5.4 357.7
5:06.20 26.8 719640 130444 1848 73.3 5.4 357.9
5:07.66 27.2 722072 132136 1848 76.5 5.0 356.9
5:09.14 27.6 724504 134308 1848 73.3 6.2 356.5
5:10.58 27.9 726680 135640 1848 75.0 5.3 356.1
5:12.04 28.3 728984 137812 1848 86.7 6.2 355.3
5:13.52 28.8 731416 139800 1848 82.4 5.3 355.0
5:14.99 29.1 733848 141492 1848 75.0 5.7 354.3
5:16.42 29.6 736280 143780 1848 75.0 6.5 354.0
5:17.84 29.9 738456 145500 1848 81.2 5.1 353.7
5:19.29 30.3 740888 147412 1848 75.0 6.1 353.0
5:20.70 30.4 743192 147896 1848 68.8 5.8 350.7
5:22.15 30.7 745496 149072 1848 81.2 5.5 349.5
5:23.61 31.0 747928 150692 1848 88.2 4.9 349.0
5:25.04 31.4 750360 152732 1848 82.4 7.1 348.2
5:26.54 31.8 752792 154404 1848 99.9 6.9 347.4
5:27.98 32.1 755224 156208 1848 93.8 7.8 347.0
5:29.47 32.3 757528 157216 1848 68.8 5.5 345.7
5:30.95 32.7 759832 159036 1848 88.9 6.4 344.3
5:32.54 33.1 762392 160956 1848 86.7 7.7 342.9
5:34.13 33.4 764824 162176 1848 81.2 6.1 343.4
5:35.57 33.7 766872 163724 1848 86.7 5.9 342.9
5:36.98 34.0 769176 165268 1848 61.1 5.1 342.2
5:38.38 34.3 771224 166784 1848 81.2 5.8 341.3
5:39.84 34.7 773656 168572 1848 77.8 5.0 341.3
5:41.20 34.9 775704 169656 1848 82.4 5.6 340.3
5:42.68 34.8 777880 169328 1848 83.3 6.6 338.9
5:44.24 34.8 780056 169360 1848 75.0 6.6 337.3
5:45.72 35.0 782104 170300 1848 83.3 7.4 335.7
5:47.17 35.1 784280 170524 1848 70.0 6.9 333.0
5:48.61 35.4 786712 171924 1848 70.6 5.3 328.9
5:50.58 34.2 789784 166304 1848 69.6 6.5 319.3
5:52.04 33.9 792088 164748 1848 66.7 5.5 313.0
5:53.69 33.5 794776 162844 1848 81.2 5.9 305.9
5:55.98 33.2 798232 161548 1848 87.5 6.9 300.8
5:57.54 33.2 800792 161332 1848 81.2 20.8 300.4
5:58.96 33.6 802968 163376 1848 93.8 16.2 300.4
6:00.42 34.1 805144 165684 1848 93.8 14.4 300.4
6:01.90 34.6 807704 168244 1848 88.2 10.8 300.4
6:03.43 35.1 810264 170804 1848 94.1 10.3 300.4
6:04.92 35.7 812824 173364 1848 88.2 7.6 300.4
6:06.38 36.1 815128 175652 1848 76.5 6.8 300.0
6:07.80 36.4 817048 177168 1848 72.2 7.1 299.8
6:09.27 36.8 819480 178776 1848 77.8 5.7 299.2
6:10.78 37.2 821912 180716 1848 75.0 7.5 298.3
6:12.27 37.5 824088 182224 1848 75.0 6.8 297.9
6:13.74 37.9 826264 184272 1848 76.5 6.4 297.7
6:15.19 38.2 828440 185820 1848 83.3 5.7 297.0
6:16.68 38.6 830744 187800 1848 94.1 5.7 296.6
6:18.13 38.9 833048 189008 1848 80.0 5.0 294.5
6:19.83 39.1 835352 190308 1848 93.8 5.0 294.4
6:21.27 39.4 837272 191800 1848 99.9 5.9 294.0
6:22.74 39.9 839576 193804 1848 93.8 5.7 293.2
6:24.17 40.2 841752 195328 1848 88.2 5.3 292.8
6:25.61 40.6 844184 197160 1848 99.9 5.2 291.8
6:27.00 40.9 846232 198644 1848 99.9 5.6 291.2
6:28.47 41.2 848536 200432 1848 99.9 5.7 290.6
6:29.92 41.6 850712 202200 1848 93.8 6.4 290.6
6:31.32 42.0 852888 204064 1848 88.2 5.0 289.9
6:32.77 42.3 855192 205760 1848 93.8 5.6 289.5
6:34.23 42.7 857496 207804 1848 99.9 5.0 289.1
6:35.69 43.2 860056 210252 1848 94.4 5.6 289.0
6:37.13 43.6 862232 211740 1848 88.2 6.0 287.8
6:38.60 43.8 864280 212888 1848 88.2 5.2 287.3
6:40.04 44.1 866328 214188 1848 99.9 6.0 286.5
6:41.47 44.4 868248 215724 1848 94.1 5.2 285.9
6:42.80 44.6 870168 216820 1848 88.2 5.9 284.2
6:44.29 44.7 872600 217412 1848 93.8 5.8 282.7
6:45.74 45.1 874776 219108 1848 94.1 5.8 282.1
6:47.16 45.4 877080 220600 1848 94.1 5.7 281.0
6:48.65 45.6 879256 221792 1848 94.1 5.8 279.5
6:50.06 45.8 881304 222556 1848 94.1 6.1 277.8
6:51.46 46.0 883096 223656 1848 88.2 5.1 277.1
6:52.99 46.2 885400 224608 1848 99.9 5.2 275.9
6:54.39 46.4 887320 225360 1848 94.1 5.0 274.2
6:55.77 46.5 888984 226228 1848 88.2 5.7 273.2
6:57.16 46.7 890776 227272 1848 94.1 6.0 268.2
6:58.82 46.3 893080 225212 1848 94.1 5.2 268.0
7:00.30 46.7 895128 227116 1848 94.1 5.1 265.7
7:01.69 46.5 896920 226296 1848 94.1 5.6 262.8
7:03.14 46.7 899352 226908 1848 94.1 5.6 260.1
7:04.56 46.7 901528 226984 1848 99.9 5.8 259.2
7:05.96 46.7 903704 226840 1848 99.9 5.2 256.7
7:07.45 47.0 906008 228512 1848 99.9 5.1 255.4
7:08.92 47.2 908312 229628 1848 99.9 5.9 254.2
7:10.37 47.5 910488 230972 1848 94.1 5.7 253.1
7:11.84 47.8 912792 232524 1848 94.1 5.6 251.9
7:13.33 48.2 915096 234132 1848 99.9 5.1 251.0
7:14.77 48.5 917272 235636 1848 88.2 6.4 248.4
7:16.28 48.5 919576 236036 1848 88.2 5.3 246.5
7:17.70 48.7 921752 236752 1848 94.1 5.0 245.9
7:19.09 49.0 923800 238364 1848 88.2 4.8 243.5
7:20.57 49.1 925720 238716 1848 99.9 6.0 241.5
7:22.02 49.3 927768 239524 1848 88.9 5.6 239.5
7:23.41 49.2 929816 239352 1848 80.0 6.4 234.7
7:24.70 48.8 930968 237192 1848 82.4 5.4 233.5
7:26.13 49.0 932504 238008 1848 88.9 5.1 231.2
7:27.60 49.2 934808 239184 1848 88.9 5.6 228.0
7:29.19 49.3 936728 239808 1848 94.1 6.0 227.2
7:30.60 49.5 938392 240784 1848 93.3 5.6 226.2
7:32.04 49.7 940184 241764 1848 99.9 5.2 224.2
7:33.47 49.7 941336 241864 1848 93.8 6.1 223.4
7:34.99 50.0 943000 242948 1848 66.7 6.1 223.2
7:36.44 50.0 945176 242864 1848 93.8 4.5 218.2
7:37.86 49.9 947096 242700 1848 99.9 5.6 217.1
7:39.28 50.2 949400 244028 1848 94.1 5.6 216.2
7:40.72 50.4 951576 245064 1848 88.2 5.2 214.1
7:42.11 50.7 953496 246268 1848 87.5 4.9 213.9
7:43.53 50.8 955672 247156 1848 94.1 5.3 211.8
7:44.99 51.2 958104 248768 1848 99.9 5.8 210.6
7:46.48 51.4 960408 249856 1848 93.8 5.2 206.8
7:47.88 49.9 962328 242644 1848 80.0 4.9 194.8
7:49.62 48.3 964376 234888 1848 76.9 5.0 184.6
7:51.06 48.1 966168 233680 1848 75.0 6.3 182.8
7:52.52 48.4 968088 235424 1848 93.8 5.8 180.6
7:53.92 48.5 970136 235656 1848 88.2 5.0 180.5
7:55.35 48.7 972184 236848 1848 76.5 5.4 178.9
7:56.81 49.0 974232 238432 1848 57.9 4.9 178.4
7:58.24 49.3 976024 239500 1848 88.2 4.9 177.1
7:59.65 49.4 978200 240112 1848 82.4 5.3 175.6
8:01.01 49.3 979992 239504 1848 77.8 6.0 171.6
8:02.43 49.5 981784 240512 1848 83.3 6.4 171.6
8:03.85 49.8 983960 242060 1848 88.2 5.2 170.7
8:05.30 50.1 986008 243800 1848 82.4 5.7 169.4
8:06.63 49.9 987800 242712 1848 83.3 4.4 161.6
8:08.23 49.3 990104 239620 1848 81.2 5.8 160.1
8:09.83 48.5 992536 235616 1848 81.2 5.8 150.9
8:11.37 48.5 994840 235584 1848 87.5 5.9 149.5
8:12.92 48.4 997272 235324 1848 77.8 6.7 146.8
8:14.38 48.7 999320 236664 1848 77.8 6.4 145.9
8:15.90 48.9 1001112 237688 1848 72.2 6.0 145.1
8:17.36 49.1 1003288 238532 1848 75.0 6.4 143.6
8:18.86 49.4 1005464 240104 1848 88.2 6.2 143.2
8:20.28 49.6 1007512 240944 1848 76.5 6.7 141.8
8:21.75 49.7 1009688 241804 1848 86.7 7.6 140.2
8:23.20 50.0 1011608 243032 1848 82.4 5.8 139.5
8:24.66 50.2 1013400 244244 1848 88.9 6.4 139.5
8:26.07 50.3 1014808 244756 1848 57.9 5.1 138.5
8:27.55 50.6 1016216 245816 1848 83.3 6.0 137.8
8:29.01 50.8 1018264 247068 1848 75.0 5.2 137.3
8:30.49 51.1 1020312 248624 1848 68.8 5.7 136.7
8:31.97 51.4 1022488 250120 1848 76.5 7.5 135.4
8:33.42 51.7 1024408 251292 1848 77.8 6.4 134.9
8:34.87 52.0 1026712 252720 1848 68.4 5.7 129.8
8:36.65 51.8 1029144 251904 1848 93.8 6.3 128.3
8:38.11 51.9 1031320 252160 1848 93.3 6.1 126.7
8:39.54 52.0 1033368 252736 1848 87.5 5.7 125.9
8:40.97 52.0 1035544 252796 1848 88.2 5.9 123.7
8:42.39 52.3 1037592 254040 1848 93.8 5.1 122.1
8:43.88 52.4 1040024 254620 1848 94.1 6.0 119.9
8:45.26 51.8 1041816 251748 1848 76.5 6.3 114.9
8:46.73 52.2 1044120 253768 1848 99.9 5.5 114.6
8:48.16 52.4 1046296 254892 1848 93.8 5.3 113.5
8:49.58 52.7 1048216 256308 1848 81.2 5.0 112.0
8:51.04 52.9 1050392 257040 1848 88.9 5.8 110.6
8:52.49 53.1 1052696 257948 1848 88.2 5.5 109.7
8:53.95 53.2 1055000 258812 1848 88.9 6.0 108.1
8:55.40 53.6 1057304 260496 1848 99.9 6.0 106.6
8:56.82 53.5 1059608 259884 1848 94.1 5.8 102.9
8:58.41 53.6 1062040 260732 1848 94.1 5.7 100.5
8:59.93 53.8 1064472 261460 1848 94.1 5.5 98.8
9:01.38 53.9 1066776 262096 1848 88.9 5.3 97.9
9:02.89 53.6 1069208 260360 1848 93.8 5.1 88.0
9:04.52 53.3 1071768 259312 1848 94.1 5.0 86.0
9:06.01 53.4 1073944 259736 1848 99.9 5.4 85.6
9:07.48 53.8 1076120 261424 1848 99.9 5.0 83.3
9:08.95 53.8 1078168 261472 1848 88.9 6.4 83.3
9:10.44 54.2 1080344 263520 1848 99.9 5.6 81.5
9:11.92 54.4 1082648 264436 1848 88.9 5.7 79.9
9:13.30 54.2 1084824 263692 1848 88.9 4.7 76.5
9:14.65 53.8 1086744 261476 1848 87.5 7.0 72.1
9:17.17 53.3 1090456 259200 1848 82.4 5.7 59.7
9:19.68 50.7 1093272 246480 1848 68.3 8.9 50.5
9:21.10 48.8 1095192 237328 1848 42.9 5.2 38.4
9:23.68 47.8 1098776 232236 1848 84.3 5.2 32.8
9:25.44 46.6 1101080 226656 1848 70.6 6.4 25.8
9:26.75 46.7 1102872 227128 1848 87.5 5.1 20.5
9:28.63 46.0 1105560 223844 1848 70.0 7.8 17.7
9:30.32 45.2 1107992 219708 1848 81.1 6.3 13.6
9:31.58 44.5 1109784 216472 1848 58.8 7.9 7.2
9:32.77 43.9 1111192 213476 1848 38.9 7.4 5.0
9:34.24 43.9 1112984 213588 1848 68.2 8.2 2.7
9:35.39 43.5 1114136 211624 1848 58.8 7.0 0.5
9:36.87 43.8 1116312 212716 1848 77.8 6.3 0.0
9:39.27 44.3 1119384 215276 1848 79.4 5.9 0.1
9:41.53 44.7 1122072 217216 1848 78.6 5.7 0.0
9:44.15 45.4 1126040 220504 1848 86.7 8.4 0.0
9:45.93 45.8 1128856 222700 1848 94.1 7.0 0.0
9:47.33 46.1 1130904 224328 1848 86.7 9.1 26.1
9:49.39 46.8 1133976 227352 1848 99.9 17.1 26.6
9:52.09 44.3 1137816 215336 1800 72.0 4.2 0.0
10:16.14 42.2 1170584 205020 1336 48.2 4.4 0.0
10:24.63 44.3 1182616 215564 1312 91.3 5.9 0.0
10:29.22 45.5 1188888 221240 1204 59.0 6.3 730.4
193.4 737.4
193.0 737.4
186.9 737.6
156.0 737.9
158.6 739.6
150.8 740.6
150.2 742.1
147.9 742.9
147.6 743.6
143.0 744.1
143.0 744.1
143.0 744.1
143.0 744.1
143.0 744.1
143.0 744.1
142.9 744.1
143.0 744.1
142.9 744.1
143.0 744.1
142.9 744.1
142.9 744.1
142.9 744.1
142.9 744.1
142.9 744.1
142.9 744.1
142.9 744.1
142.9 744.1
142.9 744.1
142.9 744.1
142.9 744.1
142.9 744.1
142.9 744.1
142.9 744.1
142.9 744.1
142.9 744.1
142.9 744.1
142.9 744.1
142.9 744.1
142.9 744.1
142.9 744.1
142.9 744.1
142.9 744.1
142.9 744.1
142.9 744.1
142.9 744.1
142.8 744.1
142.7 744.1
142.6 744.1
142.7 744.1
142.7 744.1
142.7 744.1
141.1 744.1
110.7 744.4
90.2 744.9
79.1 744.9
62.7 744.9
57.4 744.9
57.4 744.9
57.3 744.9
57.2 744.9
57.0 744.9
56.9 744.9
56.9 744.9
57.3 744.9
56.3 744.9
57.6 744.9
58.1 744.9
65.4 744.9
70.1 744.9
69.8 744.9
68.9 744.9
68.3 744.9
68.9 744.9
68.5 744.9
68.2 744.9
67.8 744.9
67.9 744.9
68.4 744.9
68.2 744.9
67.7 744.9
68.3 744.9
68.8 744.9
68.4 744.9
68.0 744.9
67.5 744.9
67.9 744.9
68.5 744.9
68.1 744.9
67.7 744.9
67.3 744.9
66.9 744.9
67.5 744.9
67.0 744.9
68.5 744.9
68.1 744.9
68.6 744.9
68.3 744.9
67.9 744.9
67.4 744.9
67.0 744.9
67.6 744.9
68.1 744.9
67.7 744.9
67.2 744.9
67.6 744.9
67.2 744.9
67.7 744.9
67.3 744.9
66.9 744.9
68.3 744.9
67.9 744.9
67.6 744.9
67.1 744.9
66.5 744.9
67.1 744.9
66.8 744.9
66.4 744.9
66.9 744.9
67.4 744.9
69.5 744.9
69.1 744.9
68.7 744.9
68.3 744.9
68.9 744.9
68.4 744.9
68.9 744.9
68.4 744.9
68.0 744.9
68.5 744.9
68.1 744.9
67.6 744.9
67.1 744.9
67.8 744.9
68.3 744.9
67.9 744.9
68.9 744.9
68.4 744.9
69.0 744.9
68.6 744.9
68.1 744.9
67.8 744.9
67.5 744.9
68.1 744.9
67.4 744.9
68.0 744.9
68.5 744.9
68.2 744.9
70.1 744.9
68.3 744.9
67.8 744.9
67.5 744.9
67.1 744.9
67.7 744.9
67.4 744.9
67.9 744.9
67.5 744.9
68.1 744.9
68.2 744.9
68.3 744.9
69.5 744.9
69.0 744.9
69.4 744.9
69.3 744.9
68.8 744.9
68.6 744.9
69.9 744.9
69.6 744.9
67.7 744.9
67.2 744.9
66.9 744.9
66.5 744.9
68.1 744.9
67.6 744.9
67.3 744.9
67.9 744.9
67.5 744.9
68.0 744.9
67.6 744.9
67.2 744.9
66.8 744.9
67.4 744.9
67.1 744.9
70.1 744.9
70.4 744.9
70.2 744.9
70.7 744.9
70.4 744.9
70.0 744.9
69.7 744.9
69.3 744.9
69.9 744.9
69.5 744.9
69.1 744.9
69.7 744.9
69.2 744.9
70.8 744.9
70.4 744.9
70.0 744.9
69.6 744.9
69.1 744.9
69.8 744.9
69.4 744.9
69.1 744.9
68.8 744.9
70.3 744.9
69.9 744.9
69.6 744.9
69.1 744.9
69.7 744.9
70.3 744.9
69.9 744.9
69.5 744.9
69.2 744.9
69.7 744.9
70.3 744.9
69.9 744.9
69.6 744.9
69.2 744.9
68.7 744.9
69.4 744.9
69.1 744.9
69.8 744.9
69.3 744.9
69.9 744.9
70.6 744.9
70.2 744.9
69.8 744.9
69.4 744.9
68.9 744.9
69.6 744.9
69.2 744.9
68.7 744.9
68.4 744.9
68.9 744.9
70.4 744.9
70.0 744.9
69.7 744.9
69.2 744.9
68.8 744.9
69.4 744.9
69.0 744.9
68.7 744.9
69.3 744.9
69.8 744.9
69.5 744.9
87.5 745.4
88.0 745.4
87.6 745.4
88.2 745.4
87.8 745.4
87.4 745.4
87.1 745.4
87.6 745.4
88.3 745.4
87.9 745.4
87.5 745.4
87.1 745.4
86.7 745.4
88.0 745.4
87.7 745.4
87.3 745.4
86.9 745.4
87.4 745.4
88.5 745.4
87.6 745.4
87.3 745.4
87.3 745.4
86.9 745.4
87.6 745.4
86.9 745.4
86.9 745.4
85.7 745.4
87.5 745.4
87.4 745.4
88.8 745.4
87.4 745.4
87.2 745.4
87.1 745.4
87.3 745.4
87.1 745.4
86.6 745.4
86.6 745.4
86.9 745.4
86.5 745.4
86.6 745.4
86.8 745.4
85.9 745.4
86.5 745.4
86.1 745.4
86.8 745.4
86.4 745.4
86.0 745.4
86.7 745.4
86.4 745.4
86.9 745.4
86.5 745.4
86.1 745.4
85.9 745.4
85.5 745.4
86.1 745.4
85.7 745.4
86.4 745.4
86.9 745.4
86.2 745.6
86.7 745.6
86.3 745.6
86.1 745.6
85.7 745.6
85.3 745.6
85.9 745.6
85.5 745.6
86.1 745.6
85.7 745.6
85.3 745.6
86.8 745.6
86.5 745.6
86.1 745.6
85.8 745.6
85.4 745.6
86.0 745.6
85.6 745.6
86.2 745.6
85.8 745.6
85.4 745.6
86.0 745.6
85.6 745.6
85.3 745.6
84.9 745.6
85.5 745.6
86.1 745.6
86.7 745.6
86.3 745.6
85.9 745.6
85.5 745.6
86.1 745.6
85.8 745.6
85.4 745.6
85.0 745.6
84.7 745.6
86.2 745.6
85.8 745.6
86.4 745.6
86.1 745.6
85.7 745.6
86.2 745.6
85.9 745.6
85.4 745.6
85.1 745.6
84.6 745.6
86.2 745.6
85.8 745.6
85.4 745.6
85.0 745.6
84.6 745.6
86.3 745.6
85.8 745.6
85.4 745.6
85.9 745.6
85.6 745.6
85.8 745.6
85.5 745.6
85.1 745.6
84.7 745.6
84.4 745.6
85.0 745.6
84.6 745.6
84.2 745.6
84.9 745.6
85.4 745.6
86.1 745.6
85.6 745.6
85.3 745.6
86.4 745.6
84.6 745.6
85.2 745.6
84.9 745.6
85.5 745.6
85.1 745.6
84.8 745.6
84.5 745.6
85.1 745.6
84.7 745.6
85.4 745.6
84.9 745.6
84.5 745.6
86.0 745.6
85.7 745.6
85.3 745.6
85.0 745.6
84.7 745.6
85.2 745.6
84.8 745.6
84.4 745.6
84.2 745.6
83.8 745.6
85.4 745.6
86.0 745.6
85.6 745.6
85.3 745.6
85.0 745.6
85.1 745.6
84.8 745.6
84.5 745.6
84.1 745.6
83.7 745.6
85.3 745.6
84.9 745.6
84.6 745.6
84.2 745.6
83.8 745.6
85.5 745.6
85.1 745.6
84.6 745.6
84.3 745.6
83.9 745.6
85.5 745.6
85.1 745.6
84.7 745.6
84.4 745.6
84.0 745.6
84.6 745.6
84.2 745.6
83.9 745.6
84.4 745.6
85.1 745.6
85.6 745.6
85.3 745.6
84.9 745.6
84.5 745.6
84.1 745.6
84.7 745.6
84.4 745.6
84.0 745.6
84.5 745.6
84.1 745.6
84.7 745.6
84.4 745.6
84.9 745.6
84.5 745.6
84.1 745.6
84.8 745.6
84.3 745.6
84.9 745.6
84.6 745.6
84.1 745.6
84.8 745.6
84.4 745.6
84.0 745.6
83.6 745.6
83.3 745.6
84.9 745.6
84.5 745.6
85.0 745.6
84.6 745.6
84.3 745.6
84.9 745.6
84.5 745.6
84.1 745.6
83.8 745.6
83.3 745.6
84.0 745.6
84.6 745.6
84.2 745.6
84.0 745.6
84.6 745.6
85.2 745.6
84.8 745.6
84.4 745.6
84.1 745.6
83.7 745.6
83.3 745.6
84.8 745.6
84.5 745.6
84.1 745.6
83.8 745.6
83.3 745.6
83.9 745.6
83.5 745.6
84.2 745.6
83.8 745.6
84.4 745.6
85.0 745.6
84.6 745.6
84.2 745.6
83.8 745.6
83.5 745.6
84.0 745.6
83.7 745.6
84.3 745.6
83.9 745.6
83.5 745.6
85.1 745.6
84.7 745.6
84.4 745.6
84.0 745.6
83.6 745.6
84.3 745.6
83.9 745.6
84.5 745.6
84.2 745.6
83.8 745.6
84.4 745.6
84.0 745.6
83.8 745.6
83.4 745.6
84.0 745.6
84.6 745.6
85.1 745.6
84.7 745.6
84.4 745.6
84.0 745.6
83.8 745.6
84.3 745.6
84.0 745.6
83.7 745.6
83.3 745.6
83.8 745.6
84.3 745.6
83.8 745.6
84.3 745.6
84.0 745.6
83.6 745.6
84.1 745.6
83.8 745.6
83.5 745.6
83.9 745.6
83.6 745.6
84.2 745.6
83.8 745.6
83.4 745.6
83.0 745.6
82.7 745.6
83.2 745.6
83.9 745.6
84.5 745.6
84.1 745.6
83.7 745.6
84.2 745.6
84.0 745.6
83.7 745.6
83.2 745.6
82.9 745.6
83.5 745.6
84.0 745.6
83.6 745.6
83.3 745.6
82.9 745.6
84.4 745.6
84.1 745.6
84.2 745.6
83.9 745.6
84.5 745.6
83.4 745.6
84.1 745.6
83.7 745.6
83.3 745.6
83.0 745.6
82.6 745.6
83.2 745.6
82.8 745.6
82.4 745.6
83.9 745.6
84.1 745.6
84.7 745.6
84.4 745.6
84.0 745.6
84.0 745.6
82.7 745.6
83.2 745.6
83.8 745.6
83.3 745.6
83.1 745.6
82.6 745.6
83.1 745.6
82.9 745.6
83.4 745.6
83.2 745.6
82.7 745.6
84.3 745.6
83.9 745.6
83.6 745.6
83.1 745.6
82.7 745.6
83.3 745.6
83.1 745.6
82.8 745.6
82.3 745.6
83.0 745.6
83.5 745.6
84.2 745.6
83.7 745.6
83.4 745.6
83.1 745.6
82.7 745.6
83.2 745.6
82.9 745.6
83.5 745.6
83.0 745.6
82.8 745.6
83.3 745.6
83.0 745.6
82.6 745.6
83.3 745.6
82.9 745.6
83.5 745.6
84.0 745.6
83.7 745.6
83.3 745.6
83.0 745.6
83.5 745.6
83.0 745.6
82.8 745.6
82.4 745.6
82.0 745.6
83.5 745.6
83.1 745.6
83.7 745.6
83.3 745.6
83.0 745.6
83.5 745.6
83.2 745.6
82.8 745.6
82.5 745.6
83.0 745.6
83.5 745.6
83.2 745.6
82.8 745.6
82.5 745.6
82.1 745.6
81.8 745.6
83.3 745.6
83.0 745.6
83.5 745.6
83.2 745.6
82.7 745.6
83.4 745.6
82.9 745.6
82.5 745.6
82.1 745.6
81.7 745.6
82.3 745.6
82.8 745.6
82.6 745.6
83.7 745.6
83.4 745.6
83.3 745.6
83.0 745.6
82.6 745.6
82.3 745.6
82.8 745.6
83.4 745.6
83.0 745.6
82.7 745.6
82.4 745.6
82.0 745.6
82.7 745.6
82.3 745.6
82.9 745.6
83.5 745.6
83.0 745.6
83.6 745.6
83.3 745.6
82.9 745.6
82.5 745.6
82.2 745.6
81.8 745.6
82.5 745.6
83.1 745.6
82.8 745.6
82.3 745.6
82.0 745.6
83.5 745.6
83.1 745.6
82.8 745.6
82.4 745.6
82.0 745.6
83.5 745.6
83.2 745.6
82.8 745.6
82.5 745.6
82.1 745.6
82.6 745.6
82.3 745.6
81.9 745.6
81.5 745.6
83.1 745.6
83.7 745.6
83.4 745.6
83.0 745.6
82.6 745.6
82.3 745.6
82.8 745.6
83.1 745.6
82.9 745.6
82.6 745.6
82.2 745.6
82.8 745.6
82.4 745.6
82.0 745.6
82.5 745.6
82.3 745.6
83.4 745.6
83.5 745.6
83.6 745.6
83.3 745.6
82.9 745.6
82.6 745.6
83.2 745.6
82.7 745.6
82.4 745.6
83.0 745.6
82.5 745.6
83.1 745.6
83.8 745.6
83.4 745.6
83.1 745.6
82.6 745.6
83.2 745.6
83.6 745.6
83.3 745.6
83.0 745.6
82.4 745.9
83.1 745.9
82.7 745.9
82.4 745.9
81.9 745.9
82.4 745.9
84.0 745.9
83.7 745.9
83.2 745.9
82.7 745.9
82.4 745.9
82.9 745.9
82.5 745.9
83.1 745.9
82.7 745.9
82.4 745.9
82.9 745.9
82.5 745.9
82.1 745.9
81.9 745.9
82.4 745.9
82.0 745.9
83.5 745.9
83.1 745.9
82.8 745.9
82.4 745.9
81.9 745.9
82.6 745.9
82.2 745.9
81.8 745.9
82.3 745.9
82.0 745.9
82.4 745.9
82.1 745.9
82.8 745.9
82.3 745.9
82.0 745.9
82.5 745.9
83.1 745.9
82.7 745.9
82.4 745.9
82.0 745.9
82.5 745.9
82.2 745.9
81.7 745.9
81.4 745.9
81.1 745.9
82.6 745.9
83.1 745.9
82.8 745.9
82.4 745.9
82.1 745.9
82.7 745.9
82.2 745.9
81.8 745.9
82.5 745.9
82.0 745.9
82.7 745.9
82.3 745.9
81.8 745.9
81.5 745.9
81.1 745.9
81.6 745.9
83.2 745.9
84.0 745.9
82.4 745.9
82.1 745.9
81.7 745.9
82.2 745.9
81.9 745.9
81.5 745.9
82.1 745.9
81.6 745.9
82.4 745.9
81.9 745.9
81.6 745.9
82.2 745.9
81.9 745.9
82.4 745.9
82.1 745.9
82.6 745.9
82.1 745.9
81.8 745.9
82.3 745.9
82.0 745.9
81.7 745.9
81.4 745.9
81.9 745.9
82.5 745.9
82.1 745.9
82.8 745.9
82.4 745.9
82.0 745.9
82.6 745.9
82.2 745.9
82.9 745.9
82.3 745.9
82.1 745.9
81.6 745.9
82.2 745.9
81.9 745.9
81.5 745.9
81.1 745.9
80.7 745.9
83.3 745.9
82.9 745.9
82.5 745.9
82.1 745.9
81.8 745.9
82.3 745.9
82.0 745.9
82.4 745.9
81.9 745.9
81.7 745.9
82.2 745.9
81.9 745.9
81.5 745.9
81.2 745.9
82.6 745.9
83.3 745.9
82.9 745.9
82.5 745.9
82.1 745.9
81.6 745.9
82.4 745.9
81.9 745.9
82.4 745.9
82.1 745.9
81.8 745.9
82.3 745.9
81.9 745.9
81.5 745.9
82.0 745.9
81.6 745.9
82.1 745.9
82.6 745.9
82.3 745.9
81.9 745.9
81.4 745.9
81.2 745.9
81.7 745.9
82.3 745.9
81.9 745.9
81.8 745.9
81.1 745.9
81.7 745.9
82.7 745.9
82.0 745.9
81.6 745.9
83.2 745.9
83.8 745.9
82.9 745.9
83.0 745.9
82.6 745.9
82.2 745.9
83.5 745.9
83.0 745.9
82.0 745.9
81.4 745.9
81.1 745.9
83.8 745.9
83.2 745.9
82.9 745.9
82.6 745.9
82.4 745.9
82.1 745.9
82.9 745.9
82.7 745.9
82.5 745.9
81.1 745.9
80.9 745.9
81.7 745.9
81.3 745.9
72.1 745.9
53.2 745.9
46.1 745.9
23.7 745.9
5.2 745.9
31.5 745.9
31.3 745.9
31.1 745.9
31.8 745.9
32.9 745.9
33.3 745.9
33.1 745.9
32.9 745.9
33.5 745.9
33.3 745.9
33.1 745.9
32.9 745.9
32.7 745.9
33.4 745.9
33.2 745.9
32.9 745.9
32.7 745.9
32.5 745.9
33.1 745.9
36.4 745.9
36.3 745.9
36.0 745.9
35.8 745.9
35.6 745.9
36.3 745.9
36.0 745.9
35.8 745.9
35.6 745.9
35.4 745.9
36.1 745.9
35.9 745.9
35.7 745.9
35.4 745.9
35.2 745.9
35.9 745.9
35.8 745.9
35.5 745.9
35.3 745.9
35.1 745.9
35.8 745.9
35.6 745.9
34.3 745.9
34.0 745.9
33.8 745.9
34.4 745.9
34.4 745.9
34.2 745.9
33.9 745.9
33.5 745.9
34.3 745.9
34.1 745.9
35.0 745.9
34.8 745.9
34.6 745.9
34.4 745.9
36.1 745.9
35.9 745.9
35.7 745.9
35.4 745.9
35.1 745.9
36.0 745.9
34.5 745.9
34.7 745.9
35.5 745.9
35.8 745.9
36.5 745.9
36.2 745.9
36.0 745.9
35.8 745.9
35.6 745.9
36.4 745.9
36.1 745.9
35.9 745.9
35.7 745.9
35.4 745.9
36.2 745.9
35.9 745.9
35.7 745.9
35.5 745.9
35.2 745.9
35.9 745.9
35.8 745.9
34.5 745.9
34.3 745.9
33.9 745.9
33.8 745.9
34.4 745.9
35.4 745.9
34.1 745.9
33.8 745.9
33.7 745.9
34.4 745.9
34.1 745.9
33.9 745.9
33.6 745.9
33.5 745.9
34.3 745.9
33.9 745.9
33.8 745.9
33.4 745.9
33.3 745.9
33.9 745.9
33.7 745.9
33.5 745.9
33.3 745.9
33.1 745.9
33.7 745.9
34.6 745.9
34.4 745.9
34.1 745.9
33.8 745.9
34.6 745.9
34.4 745.9
34.2 745.9
33.8 745.9
32.9 745.9
32.6 745.9
33.9 745.9
33.8 745.9
32.7 745.9
32.6 745.9
33.6 745.9
31.3 745.9
31.3 745.9
30.9 745.9
30.8 745.9
31.6 745.9
32.7 745.9
32.3 745.9
31.9 745.9
31.8 745.9
32.4 745.9
31.9 745.9
31.7 745.9
31.4 745.9
31.1 745.9
30.9 745.9
31.6 745.9
31.5 745.9
31.1 745.9
30.9 745.9
30.6 745.9
31.4 745.9
31.1 745.9
31.7 745.9
31.5 745.9
31.2 745.9
31.4 745.9
31.1 745.9
30.3 745.9
30.3 745.9
30.0 745.9
30.7 745.9
30.5 745.9
30.2 745.9
30.1 745.9
29.5 745.9
30.8 745.9
31.4 745.9
30.9 745.9
30.7 745.9
30.4 745.9
31.3 745.9
30.1 745.9
28.9 745.9
27.8 745.9
28.2 745.9
29.1 745.9
29.8 745.9
29.6 745.9
29.4 745.9
29.1 745.9
29.8 745.9
29.5 745.9
29.4 745.9
29.2 745.9
28.9 745.9
29.7 745.9
29.4 745.9
29.2 745.9
28.8 746.1
28.4 746.1
29.1 746.1
28.9 746.1
28.7 746.1
28.4 746.1
29.3 746.1
28.8 746.1
28.7 746.1
28.4 746.1
28.2 746.1
27.8 746.1
27.7 746.1
28.4 746.1
28.1 746.1
28.1 746.1
27.7 746.1
27.6 746.1
28.3 746.1
28.1 746.1
27.7 746.1
27.6 746.1
27.5 746.1
12.8 746.1
9.7 746.1
5.6 745.9
5.6 744.4
5.4 740.4
7.9 737.9
6.1 735.7
6.0 733.1
6.4 728.1
4.3 721.9
6.0 714.9
4.5 697.6
72.4 722.6
63.2 722.6
154.8 733.1
155.4 733.1
155.1 733.1
152.6 733.1
152.2 733.1
152.1 733.1
152.8 733.1
152.6 733.1
152.4 733.1
152.2 733.1
151.9 733.1
152.7 733.1
152.4 733.1
149.2 733.1
131.0 733.1
129.7 733.1
129.5 733.1
130.2 733.1
129.9 733.1
129.7 733.1
129.5 733.1
129.3 733.1
130.0 733.1
129.3 733.4
129.1 733.4
125.9 733.4
125.7 733.4
126.5 733.4
126.1 733.4
125.9 733.4
125.7 733.4
125.4 733.4
126.2 733.4
126.0 733.4
125.8 733.4
125.5 733.4
126.3 733.4
127.1 733.4
122.3 733.4
118.3 733.4
109.9 733.4
100.7 733.4
93.3 733.4
88.3 733.4
82.0 733.4
74.5 733.4
68.4 733.4
61.8 733.4
56.0 733.4
49.1 733.4
41.9 733.4
34.1 733.4
28.2 733.4
23.1 733.4
16.1 733.4
11.7 733.4
5.4 733.1
5.9 732.4
5.7 731.6
5.5 730.0
5.9 728.7
5.6 725.9
6.6 722.9
5.2 721.2
5.4 717.7
7.5 715.1
5.6 712.2
5.9 710.4
5.6 706.6
5.3 699.2
5.1 693.4
7.6 690.4
7.1 686.6
5.6 682.1
6.7 660.6
6.9 655.1
5.4 651.9
7.0 647.1
7.1 642.4
5.5 633.2
5.2 625.4
5.7 618.2
6.0 610.2
5.6 605.6
5.8 596.0
4.9 576.8
5.3 563.3
5.5 542.2
5.1 535.6
5.9 529.3
45.4 570.0
76.1 602.5
120.1 648.5
175.5 686.5
170.8 686.5
167.4 686.5
159.9 686.5
135.1 686.5
124.2 686.5
119.8 686.5
116.0 686.5
110.5 687.3
98.6 687.3
94.0 687.3
89.6 687.3
86.1 687.3
81.4 687.3
76.9 687.3
72.6 687.3
68.0 687.3
64.6 687.3
60.2 687.3
55.5 687.3
51.0 687.3
46.6 687.3
43.3 687.3
38.8 687.3
34.8 687.3
28.3 687.8
24.9 687.8
20.7 687.8
17.5 687.8
14.1 687.8
26.8 687.8
178.5 687.8
178.3 687.8
179.0 687.8
178.8 687.8
178.6 687.8
177.7 687.8
178.2 687.8
179.4 687.8
178.9 687.8
178.6 687.8
179.0 687.8
178.7 687.8
179.4 687.8
179.1 687.8
178.9 687.8
178.7 687.8
178.5 687.8
179.2 687.8
178.9 687.8
173.0 687.8
168.7 687.8
164.2 687.8
161.0 687.8
156.9 687.8
152.7 687.8
148.4 687.8
144.6 687.8
142.0 688.0
138.4 688.0
134.8 688.0
131.1 688.0
127.5 688.0
124.6 688.0
120.3 688.5
115.9 688.5
111.8 688.5
108.1 688.5
103.5 688.5
100.0 688.5
95.7 688.5
91.4 688.5
87.0 688.5
82.8 688.5
79.4 688.5
75.4 688.5
70.9 688.5
66.7 688.5
63.5 688.5
60.5 688.5
56.7 688.5
52.5 688.5
48.5 688.5
44.5 688.5
40.1 688.5
36.1 688.5
31.4 688.5
26.9 688.5
23.5 688.5
19.9 688.5
15.4 688.5
10.9 688.5
23.5 688.5
177.2 688.5
178.0 688.5
177.7 688.5
178.5 688.5
178.3 688.5
174.4 688.8
174.2 688.8
174.9 688.8
174.6 688.8
174.5 688.8
174.3 688.8
174.0 688.8
174.7 688.8
174.5 688.8
174.3 688.8
174.0 688.8
173.8 688.8
174.5 688.8
174.3 688.8
174.1 688.8
173.6 689.0
173.4 689.0
173.7 689.3
173.4 689.3
173.2 689.3
170.0 689.3
169.8 689.3
172.1 689.3
171.0 689.8
170.8 689.8
170.6 689.8
170.4 689.8
170.1 689.8
170.9 689.8
170.7 689.8
170.4 689.8
157.3 689.8
146.6 689.8
137.2 689.8
128.4 689.8
118.4 689.8
109.7 689.8
100.6 689.8
93.3 689.8
84.4 689.8
74.9 689.8
65.5 689.8
56.5 689.8
48.0 689.8
39.1 689.8
29.6 689.8
20.6 689.8
9.8 689.8
5.9 689.8
5.9 689.4
5.7 686.6
7.0 684.4
7.1 681.9
5.9 679.2
6.0 674.3
6.0 670.0
5.4 665.9
5.5 659.1
6.0 649.4
5.7 615.6
6.6 609.4
5.9 600.2
7.2 595.4
7.1 588.6
7.5 577.6
6.4 569.4
5.2 561.8
6.8 547.2
5.8 540.5
5.6 534.1
5.8 529.1
5.1 510.1
5.7 507.5
5.9 499.4
4.3 496.2
6.1 491.4
5.6 485.1
6.1 479.6
5.6 471.1
5.1 463.1
5.9 456.5
5.9 430.7
5.9 420.8
6.8 406.6
5.1 381.1
6.0 375.4
5.4 370.1
191.0 645.3
236.2 645.3
205.7 645.3
185.2 645.3
177.1 645.8
189.8 646.1
189.6 646.1
189.4 646.1
190.1 646.1
190.4 646.1
190.1 646.1
190.0 646.1
189.8 646.1
189.5 646.1
177.0 646.1
168.4 646.1
158.9 646.1
148.7 646.1
139.8 646.1
132.0 646.1
121.3 646.1
113.3 646.1
103.5 646.1
95.5 646.1
87.0 646.1
78.0 646.3
69.7 646.3
59.8 646.3
51.4 646.3
43.1 646.3
33.4 646.3
22.9 646.3
13.9 646.3
6.5 646.3
5.8 646.3
5.0 645.8
6.0 645.0
5.6 643.8
5.1 642.7
5.2 639.7
6.1 637.5
5.3 633.5
5.0 628.1
5.2 622.8
5.2 618.3
5.3 612.0
4.3 597.4
5.4 585.4
10.3 570.9
4.4 554.1
6.0 548.3
5.6 542.0
5.3 514.1
5.7 479.1
6.7 470.0
6.4 463.4
12.5 499.6
12.1 530.1
5.2 529.6
7.2 529.1
6.1 525.9
5.7 522.7
5.6 517.0
5.7 509.8
6.6 502.8
6.6 494.3
5.7 493.1
5.6 491.4
6.1 502.5
140.0 611.3
297.9 719.0
297.9 719.0
297.9 719.0
297.9 719.0
297.9 719.0
298.0 719.0
297.9 719.0
298.0 719.0
297.8 719.0
297.9 719.0
297.9 719.0
297.9 719.0
297.9 719.0
297.8 719.0
297.8 719.0
297.8 719.0
297.9 719.0
297.9 719.0
297.8 719.0
297.8 719.0
297.9 719.0
297.8 719.0
297.8 719.0
297.8 719.0
297.9 719.0
297.9 719.0
297.8 719.0
297.8 719.0
298.0 719.0
298.5 719.0
298.5 719.0
298.4 719.0
298.4 719.0
298.4 719.0
298.4 719.0
298.4 719.0
298.4 719.0
298.4 719.0
298.4 719.0
298.4 719.0
297.9 719.0
297.9 719.0
297.8 719.0
297.8 719.0
297.8 719.0
296.8 719.0
296.8 719.0
296.8 719.0
296.7 719.0
297.8 719.0
297.8 719.0
297.7 719.0
297.8 719.0
297.7 719.0
297.7 719.0
297.7 719.3
248.8 719.3
220.2 719.3
192.3 719.3
164.0 719.3
130.3 719.3
101.5 719.3
47.4 719.3
15.7 721.3
5.6 742.6
5.0 737.6
4.3 715.1
9.7 688.9
4.3 477.4
4.5 457.8
5.7 278.2
6.2 256.9
6.0 225.7
5.1 140.8
4.4 0.0
8.3 3.4
