TIME MEM VIRT RES SHR CPU FREE SWAP
0:00.11 0.7 222744 3300 2852 43.8 124.0 820.0
0:00.96 1.0 224152 4708 2852 41.2 120.8 820.0
0:01.81 1.3 225688 6244 2852 47.4 118.0 820.0
0:02.61 1.6 227096 7652 2852 38.9 114.6 820.0
0:03.45 1.9 228504 9060 2852 42.1 111.0 820.0
0:04.27 2.1 229784 10336 2852 44.4 108.3 820.0
0:05.10 2.4 231064 11620 2852 47.1 105.8 820.0
0:05.92 2.7 232472 13028 2852 38.9 103.2 820.0
0:06.75 3.0 233880 14436 2852 44.4 100.4 820.0
0:07.57 3.3 235288 15844 2852 44.4 98.0 820.0
0:08.42 3.6 236824 17376 2852 47.1 94.5 820.0
0:09.27 3.9 238360 18916 2852 55.6 92.9 820.0
0:10.07 4.2 239768 20192 2852 43.8 91.1 820.0
0:10.91 4.5 241176 21732 2852 47.1 88.2 820.0
0:11.79 4.7 242456 23008 2852 60.9 84.7 820.0
0:12.59 5.0 243608 24164 2852 47.1 83.6 820.0
0:13.42 5.3 245016 25572 2852 47.1 79.6 820.0
0:14.26 5.5 246424 26980 2852 47.1 78.1 820.0
0:15.07 5.8 247704 28260 2852 41.2 75.4 820.0
0:15.87 6.1 249112 29668 2852 47.1 72.8 820.0
0:16.68 6.4 250392 30948 2852 41.2 69.4 820.0
0:17.50 6.7 251800 32356 2852 44.4 67.1 820.0
0:18.31 6.9 253080 33636 2852 41.2 64.2 820.0
0:19.11 7.2 254488 35044 2852 36.8 61.1 820.0
0:19.92 7.5 255896 36452 2852 47.1 59.4 820.0
0:20.74 7.8 257304 37860 2852 44.4 56.1 820.0
0:21.55 8.1 258584 39140 2852 47.1 53.4 820.0
0:22.34 8.3 259864 40420 2852 50.0 50.2 820.0
0:23.14 8.6 261144 41700 2852 41.2 47.9 820.0
0:23.94 8.8 262424 42980 2852 40.0 45.1 820.0
0:24.74 9.1 263704 44260 2852 47.1 42.3 820.0
0:25.58 9.4 265112 45668 2852 46.7 39.6 820.0
0:26.42 9.7 266520 47076 2852 47.1 37.2 820.0
0:27.23 9.9 267804 48228 2852 44.4 35.7 820.0
0:28.04 10.2 269080 49636 2852 44.4 32.1 820.0
0:28.86 10.5 270360 50916 2852 47.1 30.4 820.0
0:29.67 10.8 271768 52324 2852 44.4 27.1 820.0
0:30.51 11.1 273176 53732 2852 50.0 25.3 820.0
0:31.33 11.3 274584 55012 2852 41.2 20.9 820.0
0:32.16 11.6 275992 56548 2852 47.1 18.4 820.0
0:32.97 11.9 277144 57700 2852 47.1 15.8 820.0
0:33.80 12.1 278296 58852 2852 42.1 15.3 820.0
0:34.64 12.4 279576 60132 2852 41.2 11.9 820.0
0:35.47 12.6 280856 61412 2852 46.7 9.9 820.0
0:36.28 12.9 282264 62820 2852 44.4 5.9 820.0
0:37.11 13.2 283672 64228 2852 52.9 7.7 819.7
0:37.92 13.5 285080 65636 2852 50.0 6.2 819.7
0:38.80 13.7 286616 66792 2472 46.7 6.3 819.7
0:39.68 14.0 288024 68200 2472 46.7 9.6 819.2
0:40.51 14.3 289560 69736 2472 44.4 6.3 819.2
0:41.33 14.6 290840 71016 2472 38.9 9.1 819.0
0:42.17 14.9 292376 72552 2472 44.4 5.8 819.0
0:43.00 15.2 293784 73960 2472 44.4 8.7 818.7
0:43.84 15.5 295192 75368 2472 52.9 5.2 818.7
0:44.67 15.8 296600 76776 2472 44.4 9.5 818.2
0:45.51 16.1 298008 78184 2472 50.0 7.3 818.2
0:46.34 16.4 299416 79592 2472 56.2 8.2 817.5
0:47.30 16.7 300952 81128 2472 47.1 12.6 817.2
0:48.13 17.0 302360 82536 2472 38.9 10.6 817.2
0:48.94 17.3 303768 83944 2472 38.9 7.8 817.2
0:49.76 17.6 305176 85352 2472 50.0 6.7 816.7
0:50.55 17.8 306456 86632 2472 41.2 6.7 816.2
0:51.37 18.1 307864 88040 2472 46.7 7.0 816.2
0:52.19 18.4 309144 89320 2472 47.1 7.1 816.2
0:53.00 18.7 310552 90728 2472 44.4 7.1 816.2
0:53.80 19.0 311960 92136 2472 41.2 11.4 816.0
0:54.61 19.2 313240 93416 2472 41.2 7.1 816.0
0:55.41 19.5 314648 94824 2472 37.5 11.8 815.5
0:56.24 19.8 315928 96104 2472 44.4 8.2 815.5
0:57.07 20.0 317080 97252 2472 52.9 5.8 815.5
0:57.88 20.3 318488 98660 2472 35.0 7.5 815.2
0:58.70 20.6 319768 99944 2472 47.4 12.5 814.7
0:59.51 20.8 321176 101352 2472 40.0 9.2 814.7
1:00.35 21.1 322584 102760 2472 44.4 7.5 814.7
1:01.16 21.4 323864 104040 2472 38.1 10.2 814.0
1:01.98 21.6 325016 105192 2472 42.1 7.9 814.0
1:02.81 21.9 326168 106344 2472 40.0 5.7 814.0
1:03.63 22.1 327320 107496 2472 40.0 9.1 813.2
1:04.45 22.4 328728 108904 2472 43.8 6.5 813.2
1:05.27 22.6 330008 109960 2472 36.8 11.0 812.7
1:06.09 22.9 331416 111368 2472 41.2 8.5 812.7
1:06.91 23.2 332696 112648 2472 47.1 13.5 812.5
1:07.81 23.5 334104 114056 2472 37.5 10.2 812.5
1:08.61 23.7 335512 115464 2472 38.9 7.5 812.5
1:09.43 23.8 336792 115888 2468 36.4 15.2 810.7
1:10.25 24.2 338328 117428 2468 47.1 10.9 810.7
1:11.07 24.4 339736 118836 2468 47.4 8.0 810.7
1:11.87 24.7 341144 120244 2468 37.5 5.1 810.7
1:12.77 25.0 342680 121460 2468 44.4 5.4 810.0
1:13.79 25.3 344472 123044 2300 42.3 6.8 809.5
1:14.60 25.4 345880 123500 2300 41.2 9.9 807.5
1:15.42 25.7 347288 124908 2300 43.8 7.1 807.5
1:16.26 26.0 348824 126444 2300 40.0 10.7 807.2
1:17.08 26.3 350232 127852 2300 38.9 7.9 807.2
1:17.91 26.5 351640 129012 2300 40.0 13.5 806.2
1:18.74 26.8 353048 130420 2300 41.2 10.8 806.2
1:19.54 27.1 354328 131700 2300 36.8 8.4 806.2
1:20.35 27.4 355608 132980 2300 41.2 5.8 806.2
1:21.16 27.5 356888 133804 2296 44.4 8.9 805.2
1:21.99 27.8 358296 135212 2296 40.0 10.5 804.7
1:22.79 28.1 359704 136620 2296 38.9 7.1 804.5
1:23.77 28.0 361240 135904 2296 45.8 9.0 799.5
1:24.59 28.3 362776 137440 2296 42.1 6.2 799.5
1:25.44 28.6 364184 138848 2296 50.0 7.3 798.5
1:26.28 28.4 365464 138308 2296 41.7 8.8 793.5
1:27.09 28.7 366872 139716 2296 43.8 6.0 793.5
1:27.95 28.7 368408 139688 2296 37.5 8.8 788.2
1:28.80 28.9 369816 140344 2296 44.4 8.0 786.5
1:29.64 29.1 371352 141280 2296 50.0 7.8 783.7
1:30.46 29.3 372760 142308 2296 44.4 7.1 782.7
1:31.26 29.5 374040 143588 2296 35.3 9.5 779.5
1:32.15 29.6 375448 143916 2296 35.3 8.8 778.2
1:32.97 29.7 376728 144548 2296 47.1 8.0 776.5
1:33.77 29.8 378008 144824 2296 43.8 8.5 774.0
1:34.60 29.9 379544 145504 2296 38.9 8.3 772.0
1:35.41 30.1 380952 146200 2296 47.1 8.8 765.0
1:36.44 30.1 382744 146152 2296 46.7 7.4 763.0
1:37.25 30.2 384280 146960 2296 44.4 7.6 759.7
1:38.06 30.4 385688 147704 2296 41.2 7.8 758.0
1:38.86 30.4 387096 148004 2296 38.9 8.6 755.0
1:39.66 30.6 388504 148972 2296 38.9 8.9 753.0
1:40.47 30.9 389912 150380 2296 47.1 7.6 748.0
1:41.73 31.2 392088 151580 2296 46.7 6.2 744.2
1:42.55 31.3 393624 152104 2296 47.1 7.3 744.2
1:43.34 31.5 394904 153384 2296 44.4 6.0 741.2
1:44.12 31.5 396184 153252 2296 50.0 5.4 736.5
1:45.03 31.2 397720 151516 2296 50.0 7.1 732.0
1:45.89 31.3 399256 151940 2296 47.4 6.8 728.7
1:46.70 31.5 400408 153092 2296 50.0 8.4 727.5
1:47.50 31.7 401688 154224 2296 44.4 5.9 726.0
1:48.30 31.9 402972 155076 2296 56.2 7.3 726.0
1:49.08 32.1 404248 156312 2296 38.9 6.8 724.5
1:49.84 32.3 405272 157040 2296 50.0 5.8 721.7
1:50.66 32.3 406424 156928 2296 53.3 7.4 720.5
1:51.47 32.5 407704 158080 2296 50.0 8.2 718.5
1:52.28 32.7 408856 159048 2296 44.4 7.5 716.0
1:53.12 32.7 410264 158932 2296 45.8 9.5 709.0
1:54.18 32.9 412056 159908 2296 44.4 8.4 708.2
1:54.98 33.1 413208 161060 2296 43.8 7.7 706.7
1:55.80 33.3 414488 161664 2296 42.1 6.9 705.0
1:56.64 33.4 415896 162260 2296 52.9 7.0 701.5
1:57.48 33.4 417432 162616 2296 41.2 8.5 697.7
1:58.31 33.4 418584 162168 2296 41.2 6.0 695.5
1:59.14 33.5 420120 162884 2296 43.8 6.0 691.7
1:59.95 33.4 421528 162488 2296 42.1 6.6 691.7
2:00.74 33.4 422680 162416 2296 36.8 6.8 689.0
2:01.58 33.7 423960 163700 2296 50.0 8.7 682.5
2:02.67 33.4 425752 162500 2296 38.9 7.4 682.5
2:03.48 33.2 427160 161208 2296 37.5 9.2 673.2
2:04.74 33.2 429336 161196 2296 46.7 5.8 669.7
2:05.59 33.1 430744 161144 2296 50.0 7.3 666.7
2:06.40 33.4 432024 162424 2296 38.9 8.1 663.0
2:07.20 33.3 433304 162108 2296 41.2 7.8 661.5
2:08.01 33.5 434712 162792 2296 47.1 8.2 659.0
2:08.86 33.6 436248 163232 2296 43.5 7.8 657.5
2:09.70 33.8 437784 164156 2296 42.1 7.6 655.2
2:10.55 33.7 439064 163816 2296 38.1 5.7 650.5
2:11.66 33.9 440856 164672 2296 53.3 4.4 650.0
2:12.48 34.1 442264 165720 2296 41.2 4.4 647.7
2:13.28 34.1 443416 165720 2296 52.6 4.4 645.7
2:14.07 34.1 444568 165724 2296 47.1 4.3 643.7
2:14.87 34.1 445848 165880 2296 43.8 4.4 641.2
2:15.67 34.2 447256 166136 2296 41.2 5.0 639.2
2:16.49 34.3 448408 166584 2296 44.4 4.9 635.0
2:17.59 34.2 450328 166156 2296 56.2 5.4 630.5
2:18.48 34.0 451864 165340 2296 45.5 6.4 623.7
2:19.30 34.0 453272 165444 2296 42.1 6.7 623.7
2:20.11 34.3 454552 166724 2296 52.9 10.8 619.0
2:21.13 34.2 456216 166416 2296 52.9 6.2 619.0
2:21.91 34.3 457624 166900 2296 36.8 5.6 617.2
2:22.73 34.6 459032 168308 2296 56.2 8.8 614.0
2:23.68 34.2 460696 166484 2296 43.8 7.0 607.0
2:24.30 34.2 461720 166456 2296 36.8 4.9 606.2
2:24.91 34.4 462744 167024 2296 36.8 7.9 604.2
2:25.54 34.4 463768 167280 2296 36.8 6.4 602.5
2:26.17 34.5 464920 167800 2296 35.0 6.6 602.5
2:26.85 34.8 466072 168956 2296 52.6 7.3 600.0
2:27.68 34.8 467480 169192 2296 50.0 6.2 599.5
2:28.48 34.8 468760 169000 2296 35.3 5.6 593.0
2:29.51 34.8 470296 169080 2296 47.1 5.9 589.2
2:30.38 34.7 471836 168588 2296 47.1 7.4 585.7
2:31.18 34.7 473240 168492 2296 41.2 8.5 582.7
2:31.98 34.6 474520 168388 2296 35.3 5.8 582.7
2:32.78 34.6 475928 168376 2296 35.3 6.6 579.5
2:33.90 34.7 477848 168544 2296 45.1 6.4 574.7
2:34.53 34.7 479000 168624 2296 47.1 7.0 572.7
2:35.93 34.5 481304 167740 2296 45.3 6.6 552.2
2:38.01 33.9 484888 164900 2296 43.8 8.8 549.9
2:38.82 34.0 486296 165156 2296 41.2 5.4 546.7
2:39.64 33.9 487832 164872 2296 50.0 5.0 545.9
2:40.44 33.6 489240 163504 2296 42.1 8.0 538.6
2:41.70 32.8 491416 159624 2296 47.1 7.1 525.1
2:42.52 32.1 492824 156300 2296 38.9 8.1 518.8
2:43.33 32.2 494232 156768 2296 46.7 5.6 518.8
2:44.13 32.3 495640 156964 2296 42.1 7.2 516.3
2:44.92 32.5 496920 157808 2296 50.0 6.4 515.5
2:45.75 32.5 498328 157892 2296 40.0 7.0 513.0
2:46.58 32.5 499864 157884 2296 41.2 7.3 510.0
2:47.45 32.5 501400 158060 2296 43.8 7.7 507.0
2:48.37 32.5 502936 157980 2296 47.1 5.7 503.7
2:49.34 32.4 504600 157732 2296 47.4 10.8 497.5
2:50.16 32.5 506008 157880 2296 50.0 6.0 497.5
2:50.99 32.5 507288 158160 2296 42.1 6.1 495.5
2:51.82 32.5 508568 158016 2296 50.0 8.2 490.5
2:52.65 32.6 509976 158452 2296 50.0 7.5 490.2
2:53.49 32.8 511256 159596 2296 43.8 8.5 488.7
2:54.34 33.0 512792 160428 2296 50.0 8.3 486.2
2:55.19 32.8 514200 159480 2296 56.2 6.0 484.2
2:56.01 32.9 515608 159824 2296 38.9 5.6 482.0
2:56.96 32.7 516888 159076 2296 41.2 6.1 475.2
2:57.93 32.7 518168 159036 2296 47.1 7.8 474.2
2:58.78 32.8 519192 159560 2296 41.2 5.3 472.2
2:59.59 32.3 520600 157068 2296 35.3 9.2 466.5
3:00.42 32.6 522008 158476 2296 43.8 10.2 464.5
3:01.26 32.7 523416 158808 2296 41.2 6.6 464.5
3:02.07 32.6 524824 158416 2296 40.0 9.8 458.5
3:03.08 32.0 526616 155540 2296 47.1 7.8 449.7
3:03.90 31.8 528024 154516 2296 50.0 5.4 443.7
3:04.72 31.6 529304 153544 2296 46.7 6.0 438.5
3:05.57 31.3 530712 151992 2296 43.8 6.0 435.0
3:06.40 31.1 532248 151384 2296 44.4 7.0 432.2
3:07.24 31.2 533528 151512 2296 47.1 8.0 430.0
3:08.07 31.1 534936 151248 2296 44.4 8.1 421.2
3:09.03 30.6 536600 148576 2296 45.0 5.7 416.5
3:09.86 30.7 538008 149200 2296 46.7 7.9 414.5
3:10.71 30.7 539544 149336 2296 42.1 6.4 413.7
3:11.56 30.8 540952 149780 2296 41.2 6.4 412.0
3:12.39 31.0 542488 150632 2296 50.0 5.6 410.5
3:13.29 31.1 544024 151156 2296 47.1 7.6 408.5
3:14.13 31.3 545432 152068 2296 50.0 5.0 404.5
3:15.02 31.0 546968 150944 2296 36.8 5.6 400.5
3:15.94 31.0 548504 150828 2296 43.8 7.5 397.0
3:16.75 30.9 549912 150176 2296 41.2 6.8 395.0
3:17.60 31.1 551448 151032 2296 52.9 7.0 393.5
3:18.42 31.3 552856 152284 2296 42.1 5.8 393.2
3:19.26 31.4 554264 152616 2296 47.1 6.5 391.0
3:20.08 31.5 555544 153332 2296 38.9 5.6 390.0
3:20.93 31.8 556952 154408 2296 47.4 6.2 389.2
3:21.77 31.8 558360 154828 2296 43.8 6.9 387.2
3:22.60 31.9 559768 154900 2296 42.1 9.1 384.7
3:23.43 32.1 561048 156180 2296 41.2 6.0 384.7
3:24.26 32.3 562456 156824 2296 47.4 7.2 379.7
3:25.07 32.1 563736 156204 2296 47.1 7.5 377.0
3:26.27 31.8 565528 154476 2296 47.1 5.4 371.7
3:27.16 31.8 566808 154816 2296 38.9 7.7 366.2
3:28.30 31.7 568600 153968 2296 47.1 6.4 365.5
3:29.26 31.8 570264 154696 2296 46.9 8.6 362.2
3:30.09 31.8 571804 154484 2296 43.8 7.3 360.5
3:30.93 32.0 573208 155344 2296 43.8 8.9 358.5
3:31.75 32.2 574744 156548 2296 47.1 9.0 354.5
3:32.96 31.9 576664 155200 2296 44.4 6.4 351.2
3:33.79 32.2 578200 156356 2296 43.8 11.8 346.0
3:34.62 31.9 579608 155108 2296 47.1 6.5 346.0
3:35.44 32.1 581144 155884 2296 43.8 7.8 344.5
3:36.27 32.4 582552 157292 2296 47.1 6.7 341.7
3:37.14 32.2 583960 156508 2296 47.4 9.2 338.0
3:38.03 32.2 585496 156372 2296 47.1 8.4 332.2
3:39.02 31.7 587292 154068 2292 47.1 8.3 324.5
3:39.88 31.2 588696 151928 2292 50.0 5.8 318.0
3:40.70 31.0 590104 150844 2292 44.4 6.3 315.0
3:41.56 30.9 591512 150208 2292 44.4 5.5 312.7
3:42.39 31.0 592536 150876 2292 47.1 4.3 309.7
3:43.46 30.1 594072 146328 2292 43.9 7.0 298.2
3:44.27 29.7 595224 144292 2292 47.1 5.0 293.9
3:45.09 29.9 596504 145204 2292 44.4 6.6 291.7
3:45.92 29.9 597784 145520 2292 52.9 5.7 290.4
3:46.78 29.9 599064 145608 2292 45.8 5.1 288.1
3:47.61 30.1 600344 146220 2292 42.1 5.9 286.6
3:48.43 30.0 601624 145872 2292 36.8 7.5 284.9
3:49.21 29.7 602776 144488 2292 44.4 5.0 278.9
3:50.03 29.7 603928 144220 2292 50.0 5.1 274.3
3:51.01 28.9 605464 140460 2292 43.8 5.1 264.6
3:51.78 28.2 606616 137220 2292 37.5 7.7 256.8
3:52.54 26.6 607768 129236 2292 36.8 5.7 222.7
3:53.32 24.5 608792 119360 2292 40.0 8.6 216.5
3:54.01 24.2 609560 117592 2292 29.4 7.6 210.5
3:54.54 23.4 610200 113672 2292 15.0 7.9 199.5
3:55.09 22.0 611096 106972 2292 21.1 7.1 189.2
3:55.62 21.0 611864 102256 2292 20.0 5.3 168.0
3:56.69 19.8 613528 96392 2280 40.0 8.7 155.7
3:57.53 18.8 614936 91352 2280 27.3 5.9 144.7
3:58.82 17.8 616984 86356 2280 41.2 10.3 129.7
3:59.45 17.3 618008 84248 2264 41.2 8.0 122.7
4:00.18 16.8 619160 81524 2264 29.6 5.3 112.5
4:00.70 16.2 619928 78824 2264 27.8 6.7 105.0
4:01.38 15.9 621080 77544 2264 37.5 8.2 102.5
4:02.13 15.8 622360 77040 2264 47.1 8.5 99.0
4:02.87 15.8 623512 76804 2264 31.6 5.8 94.2
4:03.52 15.6 624408 75920 2264 29.4 6.9 90.7
4:04.23 15.6 625560 75744 2264 41.2 8.7 88.0
4:04.95 15.6 626584 75928 2264 31.6 6.3 84.2
4:06.00 15.6 628120 76048 2264 36.8 5.8 81.7
4:06.71 15.4 629272 75112 2264 43.8 5.8 75.7
4:07.70 15.0 630936 72840 2216 20.0 13.7 57.2
4:08.94 15.4 632984 74636 2216 47.4 13.5 57.2
4:09.77 15.5 634136 75428 2216 41.2 8.9 54.7
4:10.61 15.7 635416 76148 2216 47.1 8.7 53.7
4:11.33 15.7 636568 76308 2216 41.2 6.3 52.0
4:12.13 15.8 637720 76836 2216 33.3 7.0 48.7
4:12.87 15.9 638872 77476 2216 37.5 7.2 47.4
4:13.67 16.2 640024 78536 2216 40.0 5.9 47.2
4:14.55 16.4 641432 79944 2216 40.0 12.0 42.9
4:15.44 16.5 642712 80140 2216 44.4 7.8 42.9
4:16.25 16.7 643864 81292 2216 47.1 6.1 42.9
4:17.08 16.9 645272 82180 2216 47.1 6.1 42.9
4:17.85 16.9 646680 82376 2216 43.8 8.4 39.9
4:18.66 17.2 648088 83784 2216 47.1 8.6 39.9
4:19.41 17.4 649112 84808 2216 47.1 6.7 39.4
4:20.21 17.6 650392 85340 2216 43.8 6.9 33.1
4:21.43 17.4 651928 84472 2216 48.1 8.6 28.1
4:22.23 17.5 653080 84932 2216 41.2 9.0 27.1
4:22.98 17.3 654232 84184 2216 38.9 8.9 23.8
4:23.75 17.5 655256 85208 2216 50.0 7.8 23.8
4:24.52 17.7 656152 85836 2216 38.9 5.8 22.6
4:25.39 17.9 657304 86988 2216 52.6 5.8 22.3
4:26.16 18.1 658328 87772 2216 43.8 7.3 21.1
4:26.95 18.2 659352 88560 2216 41.2 6.4 20.6
4:27.77 18.5 660760 89968 2216 44.4 6.9 20.8
4:28.62 18.6 661784 90296 2216 45.0 10.0 21.0
4:29.79 18.5 663448 89704 2216 35.0 8.3 19.6
4:30.62 18.7 664856 91112 2216 41.2 9.4 18.1
4:31.43 18.9 666264 91728 2216 43.8 7.3 18.1
4:32.27 19.0 667672 92504 2216 50.0 8.2 16.8
4:33.06 19.3 668952 93640 2216 35.3 9.7 15.2
4:34.05 18.8 670616 91444 2216 36.8 5.9 3.8
4:35.49 18.4 672792 89536 1952 28.0 8.4 0.0
23.9 359.9
13.8 360.2
11.4 360.2
9.3 360.3
8.0 360.3
6.9 360.3
6.3 360.1
5.2 359.3
6.7 358.9
6.0 358.6
5.6 357.7
4.9 357.9
5.0 356.9
5.9 356.5
5.1 356.1
6.2 355.3
5.2 355.0
5.8 354.3
6.5 354.0
5.1 353.7
5.8 353.0
5.8 350.7
5.6 349.5
5.0 349.1
6.0 348.2
5.8 347.4
6.8 347.0
7.0 345.7
7.0 344.3
6.3 342.9
6.6 343.4
7.2 342.9
6.2 342.2
6.9 341.3
6.6 341.3
6.3 340.3
5.8 338.9
5.9 337.3
6.2 335.7
6.2 333.0
5.0 330.8
6.5 319.3
6.2 313.0
6.4 305.9
5.4 301.2
21.6 300.4
16.5 300.4
15.4 300.4
12.2 300.4
9.9 300.4
7.0 300.4
5.1 300.0
4.9 299.8
6.6 299.2
5.0 298.3
6.3 297.9
6.1 297.7
5.7 297.0
5.1 296.6
5.5 295.7
6.0 294.5
5.6 294.0
5.1 293.8
5.7 292.8
6.3 292.2
5.6 291.5
5.2 291.0
5.6 290.6
5.1 290.3
5.2 289.9
5.8 289.2
5.7 289.1
6.0 288.3
5.1 287.3
6.0 286.5
6.0 286.2
5.9 285.2
5.1 283.3
5.9 282.7
5.8 281.6
5.9 280.3
6.1 278.7
6.5 277.8
5.0 276.3
5.2 274.9
5.9 274.2
5.9 273.2
6.9 268.2
5.8 268.0
6.1 265.7
5.7 262.8
7.5 260.1
5.9 257.5
6.9 256.7
6.7 255.4
6.6 254.2
6.5 253.1
7.4 251.9
6.6 251.0
7.4 248.4
7.0 246.5
6.5 245.9
6.0 243.5
5.9 241.5
6.0 239.5
6.1 233.5
6.2 232.3
5.5 231.2
6.3 228.0
7.1 227.2
6.6 226.2
7.5 224.2
7.1 223.4
5.8 223.2
7.4 218.2
7.4 216.9
7.2 216.2
7.6 214.1
5.4 212.6
6.5 211.8
5.9 210.6
5.4 203.2
5.6 194.8
5.0 184.5
5.7 182.8
6.3 180.6
4.9 180.5
5.5 178.9
6.5 178.4
5.1 177.1
5.3 175.6
6.1 171.6
6.3 171.6
5.1 170.2
5.8 169.4
4.2 161.6
5.0 160.1
6.5 150.9
6.6 149.5
6.2 146.8
6.3 145.9
5.4 145.1
5.5 143.6
5.2 143.2
5.3 141.8
5.4 140.2
5.1 139.5
5.4 139.5
4.4 138.5
5.7 137.8
5.8 137.3
5.9 136.7
5.5 135.4
5.7 134.9
6.8 133.6
5.2 129.8
5.6 127.6
4.9 125.9
5.8 123.5
6.2 122.8
5.3 120.8
5.9 116.7
5.4 114.6
4.9 113.5
5.1 112.9
5.4 111.3
5.1 109.7
5.5 109.1
5.8 107.4
5.8 103.6
5.4 102.9
5.6 99.6
5.4 98.8
5.8 95.7
6.9 88.0
7.2 86.0
6.0 85.6
7.0 83.3
5.7 83.3
6.6 81.5
6.5 79.9
7.5 76.5
5.7 72.1
5.7 59.7
7.6 50.5
4.8 38.1
9.2 32.8
6.5 25.8
5.1 20.5
7.8 17.7
8.2 13.6
6.2 7.2
8.8 4.8
7.7 2.7
7.9 0.4
8.1 0.0
8.3 0.0
9.5 0.1
5.0 0.0
9.8 0.0
6.4 0.1
23.0 26.1
15.6 26.6
5.4 0.0
4.6 0.0
5.4 0.0
6.4 730.4
193.5 737.1
192.8 737.4
187.1 737.6
155.5 737.9
159.3 739.4
150.9 740.4
150.3 741.9
148.0 742.9
146.4 743.6
143.0 744.1
143.0 744.1
143.0 744.1
143.0 744.1
143.0 744.1
142.9 744.1
142.9 744.1
142.9 744.1
142.9 744.1
142.9 744.1
142.9 744.1
142.9 744.1
142.9 744.1
142.9 744.1
142.9 744.1
142.9 744.1
142.9 744.1
142.9 744.1
142.9 744.1
142.9 744.1
142.9 744.1
142.9 744.1
142.9 744.1
142.9 744.1
142.9 744.1
142.9 744.1
142.9 744.1
142.8 744.1
142.9 744.1
142.9 744.1
142.9 744.1
142.9 744.1
142.9 744.1
142.9 744.1
142.8 744.1
142.8 744.1
142.8 744.1
142.6 744.1
142.6 744.1
142.7 744.1
142.7 744.1
142.6 744.1
141.6 744.1
119.6 744.4
90.1 744.9
79.3 744.9
64.6 744.9
57.1 744.9
56.3 744.9
56.1 744.9
56.3 744.9
57.5 744.9
56.9 744.9
56.8 744.9
57.3 744.9
56.3 744.9
57.6 744.9
58.2 744.9
65.5 744.9
70.2 744.9
69.8 744.9
68.9 744.9
68.3 744.9
68.9 744.9
68.6 744.9
68.1 744.9
67.7 744.9
67.9 744.9
68.5 744.9
68.2 744.9
67.7 744.9
68.3 744.9
68.8 744.9
68.4 744.9
68.0 744.9
67.5 744.9
67.9 744.9
68.5 744.9
68.1 744.9
67.7 744.9
67.3 744.9
66.9 744.9
67.4 744.9
67.0 744.9
68.6 744.9
68.1 744.9
68.6 744.9
68.3 744.9
67.9 744.9
67.5 744.9
67.0 744.9
67.6 744.9
68.1 744.9
67.6 744.9
67.2 744.9
67.6 744.9
67.2 744.9
67.7 744.9
67.3 744.9
66.9 744.9
68.4 744.9
68.0 744.9
67.5 744.9
67.1 744.9
66.6 744.9
67.1 744.9
66.7 744.9
66.4 744.9
66.9 744.9
67.5 744.9
69.5 744.9
69.0 744.9
68.6 744.9
68.3 744.9
68.8 744.9
68.4 744.9
68.8 744.9
68.4 744.9
68.1 744.9
68.5 744.9
68.0 744.9
67.6 744.9
67.1 744.9
67.7 744.9
68.3 744.9
67.9 744.9
68.8 744.9
68.4 744.9
69.0 744.9
68.6 744.9
68.1 744.9
67.8 744.9
67.4 744.9
68.0 744.9
67.4 744.9
68.0 744.9
68.6 744.9
68.2 744.9
69.3 744.9
68.9 744.9
67.8 744.9
67.5 744.9
67.2 744.9
67.7 744.9
67.4 744.9
68.6 744.9
67.5 744.9
68.1 744.9
68.3 744.9
68.9 744.9
68.5 744.9
68.1 744.9
68.6 744.9
68.3 744.9
67.9 744.9
67.6 744.9
68.1 744.9
68.7 744.9
67.9 744.9
67.9 744.9
66.9 744.9
66.4 744.9
68.1 744.9
67.6 744.9
67.3 744.9
67.9 744.9
67.5 744.9
68.0 744.9
67.6 744.9
67.2 744.9
66.8 744.9
67.4 744.9
67.1 744.9
70.1 744.9
69.8 744.9
70.2 744.9
70.8 744.9
70.4 744.9
70.0 744.9
69.7 744.9
69.3 744.9
70.0 744.9
69.5 744.9
69.1 744.9
69.7 744.9
69.3 744.9
70.8 744.9
70.4 744.9
70.0 744.9
69.6 744.9
69.2 744.9
69.7 744.9
69.4 744.9
69.1 744.9
68.8 744.9
70.3 744.9
69.9 744.9
69.6 744.9
69.1 744.9
69.7 744.9
70.3 744.9
69.9 744.9
69.5 744.9
69.2 744.9
69.7 744.9
70.3 744.9
70.0 744.9
69.6 744.9
69.1 744.9
68.8 744.9
69.4 744.9
69.1 744.9
69.8 744.9
69.3 744.9
69.9 744.9
70.5 744.9
70.1 744.9
69.8 744.9
69.4 744.9
68.9 744.9
69.6 744.9
69.1 744.9
68.7 744.9
68.4 744.9
68.9 744.9
70.4 744.9
69.9 744.9
69.6 744.9
69.2 744.9
67.3 744.9
69.4 744.9
69.0 744.9
68.7 744.9
69.3 744.9
69.9 744.9
69.5 744.9
87.5 745.4
88.0 745.4
87.7 745.4
88.2 745.4
87.8 745.4
87.4 745.4
87.1 745.4
87.6 745.4
88.3 745.4
87.9 745.4
87.5 745.4
87.1 745.4
86.7 745.4
88.0 745.4
87.6 745.4
87.3 745.4
86.9 745.4
87.5 745.4
87.9 745.4
87.6 745.4
87.1 745.4
86.9 745.4
86.5 745.4
87.1 745.4
86.7 745.4
86.4 745.4
85.6 745.4
87.4 745.4
87.4 745.4
87.7 745.4
87.4 745.4
87.0 745.4
86.7 745.4
87.3 745.4
86.9 745.4
86.5 745.4
86.2 745.4
86.8 745.4
86.5 745.4
86.6 745.4
86.3 745.4
85.9 745.4
86.5 745.4
86.2 745.4
86.7 745.4
86.4 745.4
86.0 745.4
86.7 745.4
86.3 745.4
86.9 745.4
86.5 745.4
86.1 745.4
85.8 745.4
85.5 745.4
86.1 745.4
85.8 745.4
86.4 745.4
86.9 745.4
86.2 745.6
86.7 745.6
86.3 745.6
86.0 745.6
85.7 745.6
85.3 745.6
85.9 745.6
85.5 745.6
86.1 745.6
85.7 745.6
85.2 745.6
86.9 745.6
86.5 745.6
86.2 745.6
85.8 745.6
85.4 745.6
86.0 745.6
85.6 745.6
86.2 745.6
85.8 745.6
85.4 745.6
86.0 745.6
85.6 745.6
85.3 745.6
84.9 745.6
85.5 745.6
86.1 745.6
86.7 745.6
86.3 745.6
85.9 745.6
85.5 745.6
86.1 745.6
85.8 745.6
85.4 745.6
85.0 745.6
84.7 745.6
86.2 745.6
85.7 745.6
86.4 745.6
86.1 745.6
85.7 745.6
86.2 745.6
85.9 745.6
85.5 745.6
85.1 745.6
84.7 745.6
86.1 745.6
85.8 745.6
85.4 745.6
85.0 745.6
84.6 745.6
86.3 745.6
85.8 745.6
85.4 745.6
85.9 745.6
85.6 745.6
85.8 745.6
85.5 745.6
85.1 745.6
84.7 745.6
84.4 745.6
85.0 745.6
84.6 745.6
84.3 745.6
84.9 745.6
85.4 745.6
86.1 745.6
85.6 745.6
85.3 745.6
84.9 745.6
85.1 745.6
85.9 745.6
85.1 745.6
86.0 745.6
85.5 745.6
85.4 745.6
84.4 745.6
85.1 745.6
84.7 745.6
85.3 745.6
85.0 745.6
84.5 745.6
86.1 745.6
85.7 745.6
85.3 745.6
85.0 745.6
84.7 745.6
85.1 745.6
84.8 745.6
84.5 745.6
84.2 745.6
83.8 745.6
85.3 745.6
86.0 745.6
85.6 745.6
85.3 745.6
84.8 745.6
85.2 745.6
84.8 745.6
84.5 745.6
84.1 745.6
83.7 745.6
85.3 745.6
84.9 745.6
84.6 745.6
84.2 745.6
83.8 745.6
85.5 745.6
85.1 745.6
84.7 745.6
84.3 745.6
83.9 745.6
85.5 745.6
85.1 745.6
84.7 745.6
84.4 745.6
84.0 745.6
84.6 745.6
84.2 745.6
83.9 745.6
84.4 745.6
85.1 745.6
85.7 745.6
85.3 745.6
84.8 745.6
84.5 745.6
84.1 745.6
84.7 745.6
84.4 745.6
83.9 745.6
84.5 745.6
84.1 745.6
84.7 745.6
84.3 745.6
84.9 745.6
84.5 745.6
84.1 745.6
84.8 745.6
84.3 745.6
84.9 745.6
84.6 745.6
84.1 745.6
84.8 745.6
84.4 745.6
83.9 745.6
83.6 745.6
83.3 745.6
84.9 745.6
84.5 745.6
85.0 745.6
84.6 745.6
84.3 745.6
84.9 745.6
84.5 745.6
84.1 745.6
83.8 745.6
83.4 745.6
84.0 745.6
84.6 745.6
84.3 745.6
84.0 745.6
84.5 745.6
85.2 745.6
84.8 745.6
84.4 745.6
84.1 745.6
83.7 745.6
83.3 745.6
84.8 745.6
84.5 745.6
84.1 745.6
83.7 745.6
83.3 745.6
83.9 745.6
83.4 745.6
84.2 745.6
83.8 745.6
84.4 745.6
85.0 745.6
84.6 745.6
84.2 745.6
83.9 745.6
83.5 745.6
84.0 745.6
83.7 745.6
84.3 745.6
83.9 745.6
83.5 745.6
85.1 745.6
84.7 745.6
84.4 745.6
84.0 745.6
83.6 745.6
84.3 745.6
83.9 745.6
84.5 745.6
84.1 745.6
83.8 745.6
84.4 745.6
84.0 745.6
83.7 745.6
83.3 745.6
84.0 745.6
84.5 745.6
85.1 745.6
84.7 745.6
84.4 745.6
84.0 745.6
83.7 745.6
84.3 745.6
84.0 745.6
83.7 745.6
83.3 745.6
83.8 745.6
84.1 745.6
83.8 745.6
84.3 745.6
84.0 745.6
83.6 745.6
84.2 745.6
83.8 745.6
83.4 745.6
83.9 745.6
83.5 745.6
84.2 745.6
83.7 745.6
83.4 745.6
83.0 745.6
82.7 745.6
83.2 745.6
83.9 745.6
84.4 745.6
84.1 745.6
83.7 745.6
84.2 745.6
84.0 745.6
83.6 745.6
83.2 745.6
82.8 745.6
83.5 745.6
84.0 745.6
83.6 745.6
83.2 745.6
82.9 745.6
84.4 745.6
84.1 745.6
85.1 745.6
84.8 745.6
85.4 745.6
83.4 745.6
84.0 745.6
83.6 745.6
83.3 745.6
83.0 745.6
82.5 745.6
83.1 745.6
82.7 745.6
82.3 745.6
83.8 745.6
83.9 745.6
84.0 745.6
85.3 745.6
84.9 745.6
83.0 745.6
82.7 745.6
83.2 745.6
83.8 745.6
83.3 745.6
83.0 745.6
82.6 745.6
83.2 745.6
82.9 745.6
83.4 745.6
83.2 745.6
82.7 745.6
84.3 745.6
83.9 745.6
83.6 745.6
83.1 745.6
82.7 745.6
83.3 745.6
83.0 745.6
82.7 745.6
82.3 745.6
82.9 745.6
83.5 745.6
84.1 745.6
83.7 745.6
83.4 745.6
83.0 745.6
82.7 745.6
83.2 745.6
82.9 745.6
83.4 745.6
83.0 745.6
82.8 745.6
83.3 745.6
83.0 745.6
82.6 745.6
83.3 745.6
82.9 745.6
83.5 745.6
84.0 745.6
83.7 745.6
83.3 745.6
82.9 745.6
83.5 745.6
83.0 745.6
82.7 745.6
82.3 745.6
81.9 745.6
83.5 745.6
83.1 745.6
83.7 745.6
83.3 745.6
83.0 745.6
83.5 745.6
83.2 745.6
82.8 745.6
82.4 745.6
83.0 745.6
83.5 745.6
83.2 745.6
82.7 745.6
82.5 745.6
82.0 745.6
81.8 745.6
83.3 745.6
82.9 745.6
83.5 745.6
83.1 745.6
82.7 745.6
83.3 745.6
82.8 745.6
82.5 745.6
82.1 745.6
81.7 745.6
82.3 745.6
82.8 745.6
82.5 745.6
84.5 745.6
82.7 745.6
83.3 745.6
83.0 745.6
82.6 745.6
82.2 745.6
82.7 745.6
83.4 745.6
83.0 745.6
82.6 745.6
82.4 745.6
82.0 745.6
82.7 745.6
82.2 745.6
82.9 745.6
83.5 745.6
83.1 745.6
83.6 745.6
83.2 745.6
82.9 745.6
82.5 745.6
82.2 745.6
81.8 745.6
82.5 745.6
83.0 745.6
82.7 745.6
82.3 745.6
82.0 745.6
83.5 745.6
83.1 745.6
82.8 745.6
82.3 745.6
82.0 745.6
83.5 745.6
83.2 745.6
82.8 745.6
82.4 745.6
82.0 745.6
82.6 745.6
82.3 745.6
81.9 745.6
81.5 745.6
83.1 745.6
83.7 745.6
83.3 745.6
82.9 745.6
82.6 745.6
82.2 745.6
82.8 745.6
82.4 745.6
82.9 745.6
82.6 745.6
82.2 745.6
82.7 745.6
82.4 745.6
81.9 745.6
82.5 745.6
82.2 745.6
84.2 745.6
83.3 745.6
84.6 745.6
84.0 745.6
83.8 745.6
83.5 745.6
84.1 745.6
82.1 745.6
83.3 745.6
83.9 745.6
83.4 745.6
84.0 745.6
84.6 745.6
84.3 745.6
83.9 745.6
81.9 745.6
84.1 745.6
83.1 745.6
84.2 745.6
83.9 745.9
83.4 745.9
84.1 745.9
83.7 745.9
83.1 745.9
82.9 745.9
83.3 745.9
84.9 745.9
84.5 745.9
84.1 745.9
83.6 745.9
83.3 745.9
83.8 745.9
83.4 745.9
84.0 745.9
83.6 745.9
83.3 745.9
83.8 745.9
83.5 745.9
83.0 745.9
82.8 745.9
83.3 745.9
83.8 745.9
84.4 745.9
84.0 745.9
83.7 745.9
83.2 745.9
83.7 745.9
83.4 745.9
83.0 745.9
83.5 745.9
83.2 745.9
83.7 745.9
83.5 745.9
83.0 745.9
83.7 745.9
83.2 745.9
83.8 745.9
83.5 745.9
84.0 745.9
83.6 745.9
83.2 745.9
82.9 745.9
83.4 745.9
83.1 745.9
82.7 745.9
82.3 745.9
82.9 745.9
83.5 745.9
84.1 745.9
83.8 745.9
83.4 745.9
82.9 745.9
83.6 745.9
83.2 745.9
83.5 745.9
83.3 745.9
82.9 745.9
83.5 745.9
83.2 745.9
82.7 745.9
82.4 745.9
82.0 745.9
84.2 745.9
84.1 745.9
83.7 745.9
83.4 745.9
82.9 745.9
83.5 745.9
83.2 745.9
82.8 745.9
82.4 745.9
83.0 745.9
83.5 745.9
83.3 745.9
82.9 745.9
82.5 745.9
83.1 745.9
82.8 745.9
83.4 745.9
83.8 745.9
83.4 745.9
83.1 745.9
82.8 745.9
83.3 745.9
83.0 745.9
82.6 745.9
83.0 745.9
82.8 745.9
83.4 745.9
83.1 745.9
83.6 745.9
83.3 745.9
82.9 745.9
83.6 745.9
83.1 745.9
83.5 745.9
83.3 745.9
83.0 745.9
83.4 745.9
83.0 745.9
82.8 745.9
82.4 745.9
82.0 745.9
83.5 745.9
84.2 745.9
83.8 745.9
83.5 745.9
83.1 745.9
83.6 745.9
83.3 745.9
83.7 745.9
83.3 745.9
82.9 745.9
83.4 745.9
83.1 745.9
82.8 745.9
82.4 745.9
82.9 745.9
83.6 745.9
84.3 745.9
83.8 745.9
83.4 745.9
83.0 745.9
82.6 745.9
83.2 745.9
82.8 745.9
83.4 745.9
83.0 745.9
82.6 745.9
83.1 745.9
82.8 745.9
83.2 745.9
82.8 745.9
82.5 745.9
83.9 745.9
83.6 745.9
83.2 745.9
82.8 745.9
82.4 745.9
83.0 745.9
82.6 745.9
83.2 745.9
82.8 745.9
82.4 745.9
82.8 745.9
83.4 745.9
83.1 745.9
82.9 745.9
82.5 745.9
82.9 745.9
83.6 745.9
83.2 745.9
82.8 745.9
82.3 745.9
82.4 745.9
83.2 745.9
82.0 745.9
81.9 745.9
81.2 745.9
82.9 745.9
83.5 745.9
83.1 745.9
82.8 745.9
82.4 745.9
82.2 745.9
83.0 745.9
82.7 745.9
82.6 745.9
82.3 745.9
82.1 745.9
82.7 745.9
82.5 745.9
82.3 745.9
70.3 745.9
54.3 745.9
46.8 745.9
25.0 745.9
31.6 745.9
31.4 745.9
31.1 745.9
30.9 745.9
31.7 745.9
32.8 745.9
33.2 745.9
32.9 745.9
32.7 745.9
33.4 745.9
33.1 745.9
33.0 745.9
32.7 745.9
32.5 745.9
33.2 745.9
33.1 745.9
32.8 745.9
32.6 745.9
32.3 745.9
35.1 745.9
36.3 745.9
36.1 745.9
35.9 745.9
35.6 745.9
36.3 745.9
36.1 745.9
35.9 745.9
35.7 745.9
35.5 745.9
36.3 745.9
36.0 745.9
35.8 745.9
35.6 745.9
35.3 745.9
36.0 745.9
35.8 745.9
35.6 745.9
35.4 745.9
35.2 745.9
35.0 745.9
35.7 745.9
35.3 745.9
35.2 745.9
34.9 745.9
34.7 745.9
35.5 745.9
35.3 745.9
35.0 745.9
34.8 745.9
34.6 745.9
35.3 745.9
35.1 745.9
34.7 745.9
34.6 745.9
34.5 745.9
36.0 745.9
36.0 745.9
35.8 745.9
35.5 745.9
35.3 745.9
35.9 745.9
35.7 745.9
35.6 745.9
35.8 745.9
35.8 745.9
36.4 745.9
36.3 745.9
36.2 745.9
35.9 745.9
35.7 745.9
35.5 745.9
36.2 745.9
36.0 745.9
35.8 745.9
35.6 745.9
35.3 745.9
36.0 745.9
35.8 745.9
35.6 745.9
35.3 745.9
35.2 745.9
35.8 745.9
35.6 745.9
35.4 745.9
35.2 745.9
35.0 745.9
35.6 745.9
35.4 745.9
35.2 745.9
35.0 745.9
34.8 745.9
35.4 745.9
35.2 745.9
35.1 745.9
34.8 745.9
34.6 745.9
35.3 745.9
35.2 745.9
34.9 745.9
34.7 745.9
34.4 745.9
34.3 745.9
35.0 745.9
34.7 745.9
34.5 745.9
34.3 745.9
34.0 745.9
35.7 745.9
35.6 745.9
35.2 745.9
35.1 745.9
34.8 745.9
35.5 745.9
35.4 745.9
35.1 745.9
33.9 745.9
33.9 745.9
33.5 745.9
34.7 745.9
34.7 745.9
32.7 745.9
32.5 745.9
32.6 745.9
32.4 745.9
32.1 745.9
31.9 745.9
31.7 745.9
32.5 745.9
33.6 745.9
33.1 745.9
33.0 745.9
32.7 745.9
33.3 745.9
32.7 745.9
32.6 745.9
32.3 745.9
32.1 745.9
32.8 745.9
32.6 745.9
32.4 745.9
32.2 745.9
31.8 745.9
32.4 745.9
32.3 745.9
32.0 745.9
32.7 745.9
32.5 745.9
33.1 745.9
32.4 745.9
32.0 745.9
31.4 745.9
31.2 745.9
30.3 745.9
30.0 745.9
31.5 745.9
31.3 745.9
31.0 745.9
30.4 745.9
31.7 745.9
32.3 745.9
31.9 745.9
31.8 745.9
31.4 745.9
32.0 745.9
29.4 745.9
28.4 745.9
29.5 745.9
29.5 745.9
30.9 745.9
30.7 745.9
30.5 745.9
30.3 745.9
30.8 745.9
30.8 745.9
30.6 745.9
30.3 745.9
30.1 745.9
29.8 745.9
30.7 745.9
30.4 745.9
30.2 745.9
29.2 746.1
29.1 746.1
30.0 746.1
29.8 746.1
29.6 746.1
29.4 746.1
29.1 746.1
29.9 746.1
29.6 746.1
29.4 746.1
28.9 746.1
28.9 746.1
29.5 746.1
29.4 746.1
29.1 746.1
28.9 746.1
28.7 746.1
29.4 746.1
29.2 746.1
28.9 746.1
28.7 746.1
28.6 746.1
29.3 746.1
13.3 746.1
10.2 746.1
5.7 745.9
5.7 744.4
5.6 740.4
7.1 737.9
5.6 735.7
5.6 733.1
6.9 728.1
4.6 721.2
6.5 713.9
6.1 697.6
71.4 722.6
62.7 722.6
154.8 733.1
155.4 733.1
155.1 733.1
152.6 733.1
152.3 733.1
152.1 733.1
152.9 733.1
152.6 733.1
152.4 733.1
152.2 733.1
152.0 733.1
152.7 733.1
152.4 733.1
149.2 733.1
129.6 733.1
129.7 733.1
129.5 733.1
130.2 733.1
129.9 733.1
129.7 733.1
129.5 733.1
129.3 733.1
130.0 733.1
129.2 733.4
129.1 733.4
125.9 733.4
125.7 733.4
126.4 733.4
126.1 733.4
125.9 733.4
125.7 733.4
125.4 733.4
126.1 733.4
126.0 733.4
125.8 733.4
125.5 733.4
126.4 733.4
127.1 733.4
123.0 733.4
117.6 733.4
108.6 733.4
100.2 733.4
94.8 733.4
88.0 733.4
82.0 733.4
74.1 733.4
67.1 733.4
60.6 733.4
54.4 733.4
47.8 733.4
40.6 733.4
34.5 733.4
28.6 733.4
22.6 733.4
16.1 733.4
12.0 733.4
6.1 733.1
6.0 732.1
6.8 730.9
7.2 730.0
5.6 728.7
4.9 725.6
5.8 722.6
6.2 721.0
5.9 717.7
6.1 715.1
6.2 712.2
5.2 710.4
6.5 705.5
5.8 699.2
6.2 693.4
6.0 690.4
5.5 686.6
7.2 682.1
7.9 660.6
5.4 655.1
6.9 651.9
6.8 647.1
5.5 642.4
7.1 633.2
6.3 625.4
7.2 618.2
5.5 610.2
5.5 605.6
5.7 596.0
5.0 569.8
7.7 557.0
5.9 539.8
5.3 531.2
20.4 561.8
50.9 594.3
92.6 633.5
147.5 679.0
173.3 686.5
169.4 686.5
162.0 686.5
155.2 686.5
126.0 686.5
122.1 686.5
118.8 686.5
113.9 686.8
108.7 687.3
96.8 687.3
91.9 687.3
87.8 687.3
84.4 687.3
80.0 687.3
75.4 687.3
70.9 687.3
66.4 687.3
63.0 687.3
58.2 687.3
53.8 687.3
49.4 687.3
45.0 687.3
41.7 687.3
37.2 687.3
32.7 687.8
27.6 687.8
23.2 687.8
20.1 687.8
17.0 687.8
12.6 687.8
42.8 687.8
178.4 687.8
179.1 687.8
178.9 687.8
178.7 687.8
177.9 687.8
178.3 687.8
179.1 687.8
179.1 687.8
178.6 687.8
178.3 687.8
178.9 687.8
179.5 687.8
179.2 687.8
179.0 687.8
178.8 687.8
178.5 687.8
179.3 687.8
179.1 687.8
175.1 687.8
170.7 687.8
166.3 687.8
162.0 687.8
158.6 687.8
154.4 687.8
150.5 687.8
146.5 687.8
142.5 688.0
140.1 688.0
136.0 688.0
132.3 688.0
128.7 688.0
125.3 688.0
122.2 688.0
117.6 688.5
113.6 688.5
110.0 688.5
105.9 688.5
102.5 688.5
98.2 688.5
93.6 688.5
89.1 688.5
85.0 688.5
81.5 688.5
77.3 688.5
73.3 688.5
68.9 688.5
64.7 688.5
62.3 688.5
58.4 688.5
54.2 688.5
50.4 688.5
46.5 688.5
41.3 688.5
37.4 688.5
33.0 688.5
28.3 688.5
24.9 688.5
20.5 688.5
17.0 688.5
12.3 688.5
7.8 688.5
177.3 688.5
177.1 688.5
177.9 688.5
178.4 688.5
178.4 688.5
174.5 688.8
174.3 688.8
175.0 688.8
174.8 688.8
174.5 688.8
174.3 688.8
174.2 688.8
174.9 688.8
174.6 688.8
174.4 688.8
174.2 688.8
173.9 688.8
173.7 688.8
174.4 688.8
174.2 688.8
174.0 688.8
173.5 689.0
173.2 689.3
173.3 689.3
173.3 689.3
173.1 689.3
169.9 689.3
171.1 689.3
171.0 689.8
171.0 689.8
170.7 689.8
170.5 689.8
170.3 689.8
171.0 689.8
170.8 689.8
170.5 689.8
170.3 689.8
153.7 689.8
143.5 689.8
134.8 689.8
125.2 689.8
116.3 689.8
106.4 689.8
98.1 689.8
91.3 689.8
81.4 689.8
72.9 689.8
63.7 689.8
54.6 689.8
44.7 689.8
37.0 689.8
26.6 689.8
18.6 689.8
7.5 689.8
5.8 689.8
5.6 689.4
5.2 686.6
5.5 684.4
5.2 681.6
6.1 679.2
5.9 673.6
6.1 670.0
6.8 665.4
6.3 657.1
6.5 631.9
5.6 611.0
6.2 602.7
5.9 595.9
5.5 589.6
5.1 580.6
5.9 570.0
8.2 562.2
5.6 547.6
6.1 540.5
5.7 535.9
5.8 529.8
5.2 510.1
5.5 507.5
5.5 499.4
5.6 496.2
5.0 491.4
5.7 485.9
5.5 479.6
6.5 473.1
5.5 464.4
5.1 456.5
6.2 430.2
6.1 420.8
5.9 409.6
5.6 381.7
5.5 375.4
5.8 370.1
173.1 627.3
236.5 645.3
207.5 645.3
185.7 645.3
177.4 645.8
189.8 646.1
189.6 646.1
189.4 646.1
190.0 646.1
190.5 646.1
190.2 646.1
190.0 646.1
189.8 646.1
189.5 646.1
176.5 646.1
166.9 646.1
158.0 646.1
149.1 646.1
139.3 646.1
131.1 646.1
121.7 646.1
113.3 646.1
102.7 646.1
93.6 646.1
83.9 646.1
75.5 646.3
67.6 646.3
56.6 646.3
49.5 646.3
40.1 646.3
30.0 646.3
20.6 646.3
12.8 646.3
5.4 646.3
6.6 646.3
5.6 645.5
7.2 645.0
7.3 643.7
7.2 642.2
6.4 639.7
5.5 636.6
5.3 632.6
5.2 626.9
6.5 621.1
6.9 618.3
6.2 608.0
7.3 597.4
7.8 585.4
9.7 572.2
6.5 555.5
5.8 548.9
5.1 542.0
5.5 514.7
5.3 480.2
5.9 470.4
5.3 465.7
16.2 498.9
15.1 530.1
5.8 529.6
6.0 529.1
6.1 526.9
5.8 522.7
7.6 517.0
5.6 509.8
5.3 504.1
5.0 494.3
6.3 493.1
5.0 492.4
7.4 487.0
111.1 595.8
277.0 719.0
296.9 719.0
297.5 719.0
298.0 719.0
298.0 719.0
298.0 719.0
298.0 719.0
298.0 719.0
298.0 719.0
297.0 719.0
296.9 719.0
297.0 719.0
296.8 719.0
296.9 719.0
297.0 719.0
297.0 719.0
296.8 719.0
296.9 719.0
298.0 719.0
296.9 719.0
297.0 719.0
296.8 719.0
296.9 719.0
296.8 719.0
297.0 719.0
296.8 719.0
297.4 719.0
298.0 719.0
298.0 719.0
298.6 719.0
298.6 719.0
298.6 719.0
297.4 719.0
297.4 719.0
297.4 719.0
297.4 719.0
297.4 719.0
297.4 719.0
297.4 719.0
297.4 719.0
297.0 719.0
297.0 719.0
296.9 719.0
296.7 719.0
296.8 719.0
295.9 719.0
295.7 719.0
295.8 719.0
295.7 719.0
296.8 719.0
296.8 719.0
296.8 719.0
296.7 719.0
296.8 719.0
296.8 719.0
297.9 719.3
248.6 719.3
219.7 719.3
192.3 719.3
164.4 719.3
129.8 719.3
101.3 719.3
46.8 719.3
14.2 721.6
5.1 742.0
6.0 736.6
6.8 711.6
8.4 686.1
4.6 473.6
6.2 453.4
7.5 274.9
5.4 245.7
5.0 201.3
6.0 127.1
12.8 0.1
